# callgrind format
version: 1
creator: callgrind-3.22.0
pid: 10779
cmd:  ./picmo
part: 1


desc: I1 cache: 
desc: D1 cache: 
desc: LL cache: 

desc: Timerange: Basic block 0 - 13091869
desc: Trigger: Program termination

positions: line
events: Ir
summary: 204571081


ob=(5) /usr/libexec/valgrind/vgpreload_core-amd64-linux.so
fl=(178) ???
fn=(868) 0x0000000000001060
0 5

fn=(586) 0x0000000000001110
0 12

fn=(858) 0x00000000000010d0
0 9
cob=(4) ???
cfi=(175) ???
cfn=(864) 0x000000000483d030
calls=1 0 
0 80
0 1
cfn=(868)
calls=1 0 
0 5
0 3

ob=(3) /usr/lib/x86_64-linux-gnu/libm.so.6
fl=(153) ./math/../sysdeps/x86_64/fpu/multiarch/e_log2f.c
fn=(476) log2f@@GLIBC_2.27
27 1
fi=(142) ./math/../sysdeps/x86_64/fpu/multiarch/ifunc-fma.h
+2 4
+1 3
fe=(153)
-3 1

fl=(158) ./math/../sysdeps/x86_64/fpu/multiarch/s_fma.c
fn=(496) fma
49 6

fl=(205) ./math/../sysdeps/ieee754/dbl-64/e_sqrt.c
fn=(696) __sqrt_finite@GLIBC_2.15
52 6
+2 6
+92 6

fl=(141) ./math/../sysdeps/x86_64/fpu/multiarch/s_cosf.c
fn=(440) cosf
26 1
fi=(142)
+3 4
+1 3
fe=(141)
-4 1

fl=(146) ./math/../sysdeps/x86_64/fpu/multiarch/s_sin.c
fn=(514) sin
27 1
fi=(144) ./math/../sysdeps/x86_64/fpu/multiarch/ifunc-avx-fma4.h
+5 5
+1 2
fe=(146)
-6 1

fn=(452) cos
34 1
fi=(144)
-2 5
+1 2
fe=(146)
+1 1

fl=(151) ./math/../sysdeps/x86_64/fpu/multiarch/e_pow.c
fn=(472) __pow_finite@GLIBC_2.15
27 1
fi=(152) ./math/../sysdeps/x86_64/fpu/multiarch/ifunc-fma4.h
+4 4
+1 2
fe=(151)
-5 1

fl=(145) ./math/../sysdeps/x86_64/fpu/multiarch/e_expf.c
fn=(448) expf@@GLIBC_2.27
27 1
fi=(142)
+2 4
+1 3
fe=(145)
-3 1

fl=(157) ./math/../sysdeps/x86_64/fpu/multiarch/s_sinf.c
fn=(492) sinf
26 1
fi=(142)
+3 4
+1 3
fe=(157)
-4 1

fl=(183) ???
fn=(886) 0x0000000000010430
0 5

fn=(876) 0x00000000000104a0
0 9
cob=(4)
cfi=(175)
cfn=(882) 0x0000000004858220
calls=1 0 
0 80
0 1
cfn=(886)
calls=1 0 
0 5
0 3

fn=(606) 0x00000000000104e0
0 12

fl=(150) ./math/../sysdeps/x86_64/fpu/multiarch/e_powf.c
fn=(468) powf@@GLIBC_2.27
30 1
fi=(142)
-1 4
+1 4
fe=(150)

fl=(161) ./math/../sysdeps/x86_64/fpu/multiarch/e_atan2.c
fn=(510) __atan2_finite@GLIBC_2.15
26 1
fi=(144)
+6 5
+1 2
fe=(161)
-7 1

fl=(156) ./math/../sysdeps/x86_64/fpu/multiarch/e_asin.c
fn=(498) __asin_finite@GLIBC_2.15
27 1
fi=(152)
+4 4
+1 2
fe=(156)
-5 1

fn=(488) __acos_finite@GLIBC_2.15
35 1
fi=(152)
-4 4
+1 2
+3 1
fe=(156)

fl=(159) ./math/../sysdeps/x86_64/fpu/multiarch/s_expm1.c
fn=(502) expm1
26 1
fi=(142)
+3 4
+1 3
fe=(159)
-4 1

fl=(149) ./math/../sysdeps/x86_64/fpu/multiarch/s_sincosf.c
fn=(464) sincosf
26 1
fi=(142)
+3 4
+1 3
fe=(149)
-4 1

fl=(154) ./math/../sysdeps/x86_64/fpu/multiarch/s_log1p.c
fn=(480) __log1p
26 1
fi=(142)
+3 4
+1 3
fe=(154)
-4 1

fl=(148) ./math/../sysdeps/x86_64/fpu/multiarch/e_log2.c
fn=(460) log2@@GLIBC_2.29
27 1
fi=(142)
+2 4
+1 3
fe=(148)
-3 1

fl=(147) ./math/../sysdeps/x86_64/fpu/multiarch/e_logf.c
fn=(456) logf@@GLIBC_2.27
27 1
fi=(142)
+2 4
+1 3
fe=(147)
-3 1

fl=(143) ./math/../sysdeps/x86_64/fpu/multiarch/e_exp.c
fn=(444) __exp_finite@GLIBC_2.15
27 1
fi=(144)
+5 5
+1 2
fe=(143)
-6 1

fl=(160) ./math/../sysdeps/x86_64/fpu/multiarch/e_exp2f.c
fn=(506) exp2f@@GLIBC_2.27
27 1
fi=(142)
+2 4
+1 3
fe=(160)
-3 1

fl=(162) ./math/../sysdeps/x86_64/fpu/multiarch/s_sincos.c
fn=(518) sincos
26 1
fi=(152)
+5 4
+1 2
fe=(162)
-6 1

fl=(155) ./math/../sysdeps/x86_64/fpu/multiarch/e_log.c
fn=(484) __log_finite@GLIBC_2.15
27 1
fi=(144)
+5 5
+1 2
fe=(155)
-6 1

fl=(204) ./math/./math/w_sqrt_compat.c
fn=(694) sqrt
34 6
+1 18
+3 6
cfi=(205)
cfn=(696)
calls=6 +14 
* 18

ob=(6) /mnt/c/Users/salma/Desktop/SYED_SAHIL/NITKMTCS_Semester_1/HPC_CS701/16-09-2026/question_02/picmo
fl=(184) ???
fn=(614) (below main)
0 12
cob=(2) /usr/lib/x86_64-linux-gnu/libc.so.6
cfi=(185) ./csu/../csu/libc-start.c
cfn=(616) __libc_start_main@@GLIBC_2.34
calls=1 242 
0 204407398

fn=(832) 0x00000000000011c0
0 9
cob=(4)
cfi=(175)
cfn=(838) 0x00000000001090a0
calls=1 0 
0 80
0 1
cfn=(848) 0x0000000000001150
calls=1 0 
0 5
0 3

fn=(626) 0x0000000000001200
0 12

fn=(848)
0 5

fl=(191) /mnt/c/Users/salma/Desktop/SYED_SAHIL/NITKMTCS_Semester_1/HPC_CS701/16-09-2026/question_02/power_iteration_cmo.c
fn=(644) main
9 4
+1 2
cob=(4)
cfi=(175)
cfn=(646) 0x00000000001090f0
calls=1 -10 
* 1979
* 1
+1 2
cob=(4)
cfi=(175)
cfn=(646)
calls=1 -11 
* 174
* 1
+1 2
cob=(4)
cfi=(175)
cfn=(646)
calls=1 -12 
* 174
* 1
+2 6
+5 2
cob=(4)
cfi=(175)
cfn=(678) 0x00000000001090e0
calls=1 -19 
* 6234
+2 2
+1 3000
+1 500500
cob=(4)
cfi=(175)
cfn=(684) 0x0000000000109110
calls=500500 -23 
* 29513355
* 2502500
+1 5005000
+1 5005000
-3 1503500
-1 3002
+8 2
+1 1000
cob=(4)
cfi=(175)
cfn=(684)
calls=1000 -30 
* 58968
* 10000
-1 3002
+4 2
+1 2
+2 2
+1 12
+2 12
+1 96000
-1 18012
+4 18
cob=(4)
cfi=(175)
cfn=(692) 0x0000000000109100
calls=6 -43 
* 60
* 12
+1 12
+2 12
+1 78000
-1 18012
+4 42
+1 6
cob=(4)
cfi=(175)
cfn=(698) 0x00000000001090d0
calls=1 -51 
* 4293
+1 1
+3 10
+2 10
+1 35000
+1 10000
+1 145000000
-1 15010000
-2 15010
-21 17
+29 6
cob=(4)
cfi=(175)
cfn=(698)
calls=1 -65 
* 2922
+2 3
cob=(4)
cfi=(175)
cfn=(800) 0x00000000001090b0
calls=1 -67 
* 74
+1 3
cob=(4)
cfi=(175)
cfn=(800)
calls=1 -68 
* 170
+1 3
cob=(4)
cfi=(175)
cfn=(800)
calls=1 -69 
* 203
+2 1
+1 2

ob=(4)
fl=(175)
fn=(632) 0x00000000049597b0
0 2
cob=(1) /usr/lib/x86_64-linux-gnu/ld-linux-x86-64.so.2
cfi=(48) ./elf/./elf/dl-audit.c
cfn=(634) _dl_audit_preinit
calls=1 118 
0 5

fn=(582) 0x000000000483d000
0 7

fn=(874) 0x000000000483d294
0 4

fn=(558) 0x0000000004959720
0 42
cob=(1)
cfi=(11) ./elf/./elf/dl-tunables.c
cfn=(28) __tunable_get_val
calls=21 387 
0 493

fn=(596) 0x0000000004959660
0 2
cob=(2)
cfi=(181) ./string/../sysdeps/x86_64/multiarch/strrchr-avx2.S
cfn=(598) __strrchr_avx2
calls=1 53 
0 22

fn=(698)
0 4
cob=(2)
cfi=(206) ./stdio-common/./stdio-common/printf.c
cfn=(700) printf
calls=2 28 
0 7211

fn=(762) 0x0000000004959500
0 2
cob=(2)
cfi=(225) ./string/../sysdeps/x86_64/multiarch/strlen-avx2.S
cfn=(764) __strlen_avx2
calls=1 52 
0 14

fn=(796) 0x0000000004959430
0 2
cob=(2)
cfi=(211) ./string/../sysdeps/x86_64/multiarch/memmove-vec-unaligned-erms.S
cfn=(798) __mempcpy_avx_unaligned_erms
calls=1 242 
0 14

fn=(602) 0x0000000004858000
0 7

fn=(740) 0x00000000049593f0
0 2
cob=(2)
cfi=(192) ./malloc/./malloc/malloc.c
cfn=(648) malloc
calls=1 3294 
0 177

fn=(892) 0x00000000048d63a8
0 4

fn=(646)
0 6
cob=(2)
cfi=(192)
cfn=(648)
calls=3 3294 
0 2321

fn=(684)
0 1003000
cob=(2)
cfi=(203) ./stdlib/./stdlib/rand.c
cfn=(686) rand
calls=501500 26 
0 28569323

fn=(716) 0x00000000049596b0
0 16
cob=(2)
cfi=(211)
cfn=(718) __memcpy_avx_unaligned_erms
calls=8 255 
0 104

fn=(864)
0 2
cob=(2)
cfi=(245) ./stdlib/./stdlib/cxa_finalize.c
cfn=(840) __cxa_finalize
calls=1 30 
0 78

fn=(692)
0 12
cob=(3)
cfi=(204)
cfn=(694)
calls=6 34 
0 48

fn=(710) 0x0000000004959590
0 8
cob=(2)
cfi=(209) ./string/../sysdeps/x86_64/multiarch/strchr-avx2.S
cfn=(712) __strchrnul_avx2
calls=4 53 
0 94

fn=(854) 0x00000000001095b0
0 4

fn=(882)
0 2
cob=(2)
cfi=(245)
cfn=(840)
calls=1 30 
0 78

fn=(622) 0x0000000000109000
0 7

fn=(678)
0 2
cob=(2)
cfi=(201) ./stdlib/./stdlib/random.c
cfn=(680) srand
calls=1 209 
0 6232

fn=(800)
0 6
cob=(2)
cfi=(192)
cfn=(802) free
calls=3 3359 
0 441

fn=(838)
0 2
cob=(2)
cfi=(245)
cfn=(840)
calls=1 30 
0 78

ob=(1)
fl=(49) ./string/../string/strcspn.c
fn=(156) strcspn
32 6
+1 3
+1 2
+5 6
+1 4
+1 4
+1 4
+2 1
+3 3
+1 2
-1 6
+1 4
+3 4
+1 4
+1 4
+1 4
+2 3
+6 1
-1 1
+1 1
+2 2
-1 2
+2 1
+2 6
-5 12
-1 12
+1 12
+2 24
-1 24
+2 12
+2 72
+2 1
+1 4
+1 3

fl=(52) ./elf/./elf/dl-misc.c
fn=(216) _dl_sysdep_read_whole_file
36 2
+3 1
-3 7
+3 1
-3 2
+3 1
cfi=(53) ./io/../sysdeps/unix/sysv/linux/open64_nocancel.c
cfn=(172) __open_nocancel
calls=1 -11 
* 20
+1 2
+23 8
-21 4
cfi=(55) ./io/../sysdeps/unix/sysv/linux/fstat64.c
cfn=(178) fstat
calls=1 -12 
* 6
* 2
+2 2
+3 2
+13 2
cfi=(62) ./io/../sysdeps/unix/sysv/linux/close_nocancel.c
cfn=(194) __GI___close_nocancel
calls=1 -35 
* 6
* 1
-11 6
cfi=(57) ./misc/../sysdeps/unix/sysv/linux/mmap64.c
cfn=(182) mmap
calls=1 -2 
* 26
* 2

fn=(168) _dl_name_match_p
68 273
+1 78
cfi=(32) ./string/../sysdeps/x86_64/multiarch/../multiarch/strcmp-sse2.S
cfn=(94) strcmp
calls=39 +29 
* 1183
* 78
+3 39
+2 78
+6 39
-6 78
+1 141
cfi=(32)
cfn=(94)
calls=47 +23 
* 1646
* 94
+8 8
-13 8
+13 55
-1 31
+1 93

fl=(7) ./elf/./elf/dl-minimal.c
fn=(12) __rtld_malloc_init_stubs
42 1
+1 2
+1 2
+1 2
+1 2
+1 1

fn=(536) lookup_malloc_symbol
61 8
+3 4
-3 12
+3 4
-3 12
+3 4
-3 4
+2 4
+1 16
cfi=(78) ./elf/./elf/dl-lookup.c
cfn=(270) _dl_lookup_symbol_x
calls=4 772 
* 2368
+4 28
+1 28
+2 4
fi=(166) ./elf/./dl-sym-post.h
-30 8
+12 12
fe=(7)
+19 24

fn=(532) __rtld_malloc_init_real
76 2
+10 1
fi=(165) ./elf/../sysdeps/generic/dl-hash.h
-41 1
-1 1
fe=(7)
+32 8
+11 1
-1 1
fi=(165)
-43 1
+5 3
+14 4
-17 3
+3 15
+14 20
-17 15
fe=(7)
+46 2
fi=(165)
-24 1
fe=(7)
+22 1
+2 2
fi=(165)
-19 1
fe=(7)
+19 1
cfn=(536)
calls=1 -30 
* 617
+1 3
-1 1
+1 1
cfn=(536)
calls=1 -31 
* 606
+1 3
-1 1
+1 1
cfn=(536)
calls=1 -32 
* 691
+1 3
-1 1
+1 1
cfn=(536)
calls=1 -33 
* 626
+5 1
+1 1
+1 1
+1 1
+1 8

fn=(134) strsep
239 2
+3 4
+2 2
+1 4
+4 3
-2 2
+4 28
+5 84
-2 56
+13 1
+4 4
-22 14
+15 14
-15 30

fl=(37) ./elf/./elf/dl-hwcaps.c
fn=(108) _dl_important_hwcaps
172 6
+3 1
-3 3
+3 1
-3 5
+2 1
cfi=(38) ./elf/../sysdeps/x86_64/dl-hwcaps-subdirs.c
cfn=(110) _dl_hwcaps_subdirs_active
calls=1 29 
* 49
+1 1
fi=(40) ./elf/./dl-hwcaps.h
43 1
fe=(37)
174 1
fi=(40)
45 2
+32 1
+1 1
+1 1
fe=(37)
-27 2
cfi=(39) ./elf/./elf/dl-hwcaps_split.c
cfn=(114) _dl_hwcaps_split_masked
calls=1 -1 
* 23
* 2
fi=(40)
-9 1
+2 1
-2 1
+34 2
+1 2
+1 1
fe=(37)
-24 2
-1 2
+1 2
+1 2
+1 2
-5 4
cfi=(39)
cfn=(114)
calls=2 -1 
* 130
* 2
cfi=(39)
cfn=(114)
calls=1 -1 
* 125
* 6
+48 4
fi=(28) ./elf/../include/rtld-malloc.h
-44 2
cfi=(27) ./elf/./elf/dl-minimal-malloc.c
cfn=(78) __minimal_malloc
calls=1 -20 
* 30
fe=(37)
+46 2
-2 1
+2 1
+3 1
+3 1
fi=(40)
-65 1
+2 1
fe=(37)
+67 1
fi=(40)
-66 1
fe=(37)
+66 2
cfi=(39)
cfn=(120) _dl_hwcaps_split
calls=1 -87 
* 13
* 2
fi=(40)
-69 1
+2 1
-2 1
+34 2
+1 2
+1 1
fe=(37)
+48 10
+1 4
+1 2
+1 2
-1 2
-4 4
cfi=(39)
cfn=(114)
calls=2 -74 
* 130
* 2
cfi=(39)
cfn=(114)
calls=1 -74 
* 125
* 6
+8 3
+9 5
+3 8
-2 6
+14 1
+4 1
+1 1
+1 1
-20 3
+19 1
+1 1
-20 2
+8 2
+4 2
-4 3
+4 2
cfi=(42) ./string/../sysdeps/x86_64/multiarch/../multiarch/memcmp-sse2.S
cfn=(122) bcmp
calls=1 -96 
* 19
+1 3
-14 8
+47 1
-4 2
+4 2
-3 1
+7 1
-7 2
+7 1
fi=(28)
56 1
cfi=(27)
cfn=(78)
calls=1 -20 
* 30
* 1
fe=(37)
194 2
+8 1
fi=(40)
43 1
fe=(37)
201 1
80 1
fi=(40)
-35 1
fe=(37)
+35 1
202 1
fi=(40)
77 1
+1 1
fe=(37)
202 3
fi=(40)
79 1
fe=(37)
-2 2
cfi=(39)
cfn=(114)
calls=1 -26 
* 23
* 2
fi=(40)
-34 1
+2 1
fe=(37)
+35 2
fi=(40)
-37 1
+34 2
+1 2
+1 3
fe=(37)
+1 4
+7 2
-7 8
cfi=(29) ./string/../sysdeps/x86_64/multiarch/memmove-vec-unaligned-erms.S
cfn=(126) mempcpy
calls=2 197 
* 26
+4 2
+2 2
+2 2
-2 4
-9 4
cfi=(39)
cfn=(114)
calls=2 -26 
* 130
* 2
cfi=(39)
cfn=(114)
calls=1 -26 
* 125
* 6
213 2
-5 1
+1 1
-1 1
+5 1
+3 9

fl=(64) ./elf/./elf/dl-deps.c
fn=(202) _dl_map_object_deps
143 4
+1 2
-1 1
+1 1
-1 2
+1 1
-1 1
+1 1
-1 4
+1 3
-1 1
+1 7
-8 1
+8 2
-8 1
-6 1
-2 1
+16 1
-8 1
-7 1
+1 1
+6 1
+24 4
-28 3
-2 1
+31 1
-33 2
+2 2
+30 2
-30 1
-1 4
+7 4
+24 3
+28 3
-6 1
+46 1
fi=(72) ./elf/../include/scratch_buffer.h
77 1
fe=(64)
+87 1
fi=(72)
-87 1
+1 1
fe=(64)
184 1
+44 4
-31 1
-4 1
+4 6
-4 4
+4 8
+11 14
-18 2
+18 4
417 10
+2 3
+3 3
-3 9
+3 3
-3 3
fi=(28)
56 3
cfi=(27)
cfn=(78)
calls=3 -20 
* 90
fe=(64)
423 9
fi=(28)
56 3
fe=(64)
423 3
+6 3
+1 15
cfi=(29)
cfn=(82) memcpy
calls=3 210 
* 33
+1 15
cfi=(29)
cfn=(82)
calls=3 210 
* 33
+3 3
+1 6
+4 15
188 8
442 12
-1 5
+1 10
183 6
+27 12
+7 3
+4 3
-6 3
+1 3
+1 3
+1 6
+3 9
-2 3
-29 15
+32 184
+6 20
cfi=(30) ./elf/./elf/dl-load.c
cfn=(204) _dl_dst_count
calls=5 +10 
* 283
* 15
+4 10
-2 5
+2 10
cfi=(50) ./elf/./elf/dl-catch.c
cfn=(160) _dl_catch_exception
calls=5 -28 
* 11037
+1 10
+9 5
+2 10
+5 15
+6 3
+2 3
-8 6
+3 3
+1 3
+1 3
+1 3
+4 3
-3 3
+3 9
+4 15
+1 9
-43 377
+7 10
+38 261
fi=(72)
85 3
fe=(64)
448 5
+1 1
+3 4
+11 5
fi=(28)
56 1
cfi=(27)
cfn=(78)
calls=1 -20 
* 30
fe=(64)
465 3
fi=(28)
56 1
fe=(64)
465 1
+5 2
+1 1
-1 3
+4 3
-2 2
+13 4
+5 4
-16 12
+11 4
-7 4
+7 4
-2 8
-5 1
+7 1
-2 2
+2 1
-11 1
+11 1
+5 1
-16 3
+21 3
+37 2
+15 2
-14 2
+20 1
-1 4
+1 4
-1 5
cfi=(13) ./elf/./elf/dl-sort-maps.c
cfn=(232) _dl_sort_maps
calls=1 298 
* 349
+5 1
+2 1
+1 1
+1 2
-2 1
+2 1
+7 3
+3 2
+3 8
198 32
+3 3
fi=(72)
-70 12
cfi=(71) ./malloc/./malloc/scratch_buffer_set_array_size.c
cfn=(228) __libc_scratch_buffer_set_array_size
calls=3 30 
* 75
fe=(64)
+70 9
+4 6
547 4
cfi=(29)
cfn=(82)
calls=1 210 
* 19
* 3
-53 2
144 2

fn=(206) openaux
61 30
+7 5
-4 15
+1 5
-1 35
cfi=(30)
cfn=(166) _dl_map_object
calls=5 1967 
* 10597
* 5
+5 15

fl=(44) ./string/./string/strdup.c
fn=(138) strdup
40 24
+1 4
cfi=(22) ./string/../sysdeps/x86_64/multiarch/../multiarch/strlen-sse2.S
cfn=(62) strlen
calls=4 +16 
* 122
* 4
fi=(250) ./string/../include/rtld-malloc.h
+15 8
cfi=(27)
cfn=(78)
calls=4 -20 
* 120
fe=(44)
-12 8
+3 12
+1 12
-1 4
cfi=(29)
cfn=(82)
calls=4 210 
* 52

fl=(66) ./io/../sysdeps/unix/sysv/linux/fstatat64.c
fn=(212) fstatat
146 6
-55 6
+70 7
+1 1
-2 4
+1 4

fl=(164) ./elf/./dl-find_object.h
fn=(526) _dl_find_object_from_map
95 10
+1 10
+1 5
+6 25
+1 145
+1 100
+2 15
+5 5

fl=(168) ./elf/./elf/dl-lookup-direct.c
fn=(542) _dl_lookup_direct
74 30
+2 3
-2 6
+4 3
-4 3
+2 3
+2 9
+37 3
-37 9
+1 6
+2 12
+3 25
+2 6
-54 3
+54 3
-54 3
+54 3
-54 9
+1 9
+2 6
+1 6
+12 9
+3 3
+2 6
-2 3
+2 9
cfi=(32)
cfn=(94)
calls=3 +45 
* 209
* 6
+4 6
+1 3
-1 3
+1 18
+1 9
cfi=(32)
cfn=(94)
calls=3 +39 
* 198
* 6
+57 27
-23 6

fl=(45) ./elf/./elf/dl-debug.c
fn=(196) _dl_debug_update
38 4
+3 4
-1 8
+4 8
+4 4

fn=(144) _dl_debug_initialize
56 3
+3 2
+4 1
+22 1
+10 1
-32 2
+1 1
+21 2
+5 2
+1 1
+4 1
-4 1
-1 1
+2 1
+3 1
+4 2
+8 2
-50 1
+4 2
+35 6

fn=(150) _dl_debug_state
116 2
+1 2

fl=(73) ./elf/./elf/dl-version.c
fn=(242) _dl_check_map_versions
155 50
+15 15
+2 25
+2 5
+1 5
+2 10
+3 6
-16 6
+20 3
-4 3
-24 3
+28 21
+16 6
36 3
200 3
36 21
200 4
36 2
200 2
36 14
+1 16
-1 32
+2 63
cfi=(52)
cfn=(168)
calls=21 +30 
* 2028
* 47
208 15
+5 5
fi=(251) ./elf/../sysdeps/generic/_itoa.h
76 15
fe=(73)
213 10
+4 10
+1 10
-1 10
+4 5
-3 5
+3 5
-3 15
-1 14
+1 14
-1 14
+4 7
-3 7
+3 7
-3 36
56 48
+8 36
+6 36
+16 12
+1 24
+2 12
+5 84
+14 372
+12 522
+4 174
-30 348
231 48
+3 36
+5 7
-24 7
110 12
+3 60
cfi=(32)
cfn=(94)
calls=12 -15 
* 477
* 36
224 36
+1 3
cfi=(32)
cfn=(94)
calls=1 98 
* 71
* 2
+3 12
+15 15
+5 2
-50 2
+59 15
+3 6
+3 21
+3 12
+4 3
-7 12
+3 9
+4 59
-7 236
+3 180
+8 9
+6 8
fi=(28)
44 4
fe=(73)
280 8
fi=(28)
44 4
cfi=(27)
cfn=(74) __minimal_calloc
calls=4 +36 
* 164
fe=(73)
281 8
-2 4
fi=(28)
44 4
fe=(73)
281 4
+13 4
-3 4
+3 16
+2 8
+3 12
+4 15
+7 12
+1 12
-1 36
+1 12
+1 12
-2 12
+2 24
+1 36
+3 36
+5 7
-15 7
+2 7
-2 7
+2 7
-2 7
+2 14
-2 5
+2 5
-2 5
+2 5
-2 5
+2 10
+16 15
+5 2
-28 2
+33 6
+3 6
+4 62
+6 62
+1 62
+1 62
-1 186
+1 62
-1 62
+1 62
+1 62
+3 186
+4 62
-14 130
+10 9
+12 6
+1 6
+1 6
+1 4
+19 45
164 2
-8 2
257 5
+17 3
+60 2
-40 2
+76 4
+2 4
+4 2
-4 120
+1 60
+2 1
+1 2
-1 1
+1 1
cfi=(32)
cfn=(244) strncmp
calls=1 98 
* 32
* 2

fn=(240) _dl_check_all_versions
392 7
+4 5
-2 1
+4 30
cfn=(242)
calls=5 155 
* 7615
-2 5
+2 15
-1 5
-1 10
+5 7

fl=(26) ./elf/./elf/dl-object.c
fn=(72) _dl_new_object
59 60
+3 8
+18 6
+3 3
cfi=(22)
cfn=(62)
calls=3 -26 
* 69
+4 3
-4 3
+4 3
+5 3
-9 9
fi=(28)
-39 6
cfi=(27)
cfn=(74)
calls=3 +36 
* 224
fe=(26)
+39 1
fi=(28)
-39 2
cfi=(27)
cfn=(74)
calls=1 +36 
* 47
* 4
fe=(26)
+51 8
+5 4
+4 4
-6 4
+2 4
+4 4
-5 4
+4 4
+1 4
-1 4
+1 8
cfi=(29)
cfn=(82)
calls=4 210 
* 55
* 4
+15 4
-15 4
+2 4
+13 8
+6 1
+2 7
+3 2
-3 21
+3 6
+2 4
+4 4
+3 12
+2 12
-2 8
+2 8
-2 16
+16 8
-5 4
+5 4
-6 4
+6 4
-6 4
+6 8
+2 6
+3 6
-3 6
+7 12
+4 9
+8 1
+13 1
-10 2
+10 6
-10 6
+10 9
+2 3
cfi=(22)
cfn=(62)
calls=3 57 
* 105
+21 3
-21 9
+17 3
-13 9
+50 9
cfi=(29)
cfn=(126)
calls=3 -48 
* 47
* 3
+5 6
+1 6
-1 100
+1 100
+4 6
+1 3
+3 3
+4 36
131 8
-8 3
-4 6
+34 1
+7 4
+8 12
fi=(28)
56 6
cfi=(27)
cfn=(78)
calls=3 -20 
* 90
* 3
fe=(26)
200 6
-1 6
64 2
+2 3
+1 2
+4 6
+6 2

fn=(84) _dl_add_to_namespace_list
31 16
+2 4
-2 8
+2 4
-2 12
+2 4
cfi=(24) ./elf/../sysdeps/nptl/dl-tls_init_tp.c
cfn=(86) rtld_mutex_dummy
calls=4 +9 
* 12
+2 35
+3 36
+2 3
+2 3
+4 3
+4 3
-4 6
+1 6
+1 6
+3 15
-1 3
cfi=(24)
cfn=(86)
calls=3 -8 
* 9
-4 1
+4 1
-4 2
+1 2
+1 2
+3 5
-1 1
cfi=(24)
cfn=(86)
calls=1 -8 
* 3
-5 2

fl=(71)
fn=(228)
30 39
+4 3
+1 6
+10 6
+18 3
-17 3
+17 15

fl=(70) ./io/../sysdeps/unix/sysv/linux/pread64_nocancel.c
fn=(224) __pread64_nocancel
25 4
+1 8
+1 2

fl=(244) ./elf/./elf/dl-call_fini.c
fn=(830) _dl_call_fini
24 40
+4 10
+6 5
-2 5
+3 10
+3 3
+1 3
-1 3
+1 6
+3 12
+1 3
cob=(3)
cfi=(183)
cfn=(876)
calls=1 -43 
* 98
cob=(5)
cfi=(178)
cfn=(858)
calls=1 -43 
* 98
cob=(6)
cfi=(184)
cfn=(832)
calls=1 -43 
* 98
-1 12
+5 5
+1 10
+1 6
+1 15
-1 3
cob=(4)
cfi=(175)
cfn=(892)
calls=1 -49 
* 4
cob=(4)
cfi=(175)
cfn=(874)
calls=1 -49 
* 4
cob=(4)
cfi=(175)
cfn=(854)
calls=1 -49 
* 4
+1 12

fl=(50)
fn=(236) _dl_receive_error
186 2
58 1
186 4
+2 1
-2 1
58 1
+1 1
+11 1
192 1
+2 1
cfi=(2) ./elf/./elf/rtld.c
cfn=(238) version_check_doit
calls=1 674 
* 7715
69 2
+1 1
198 1
-1 1
+1 3

fn=(158) _dl_catch_error
254 6
+2 1
-2 6
+2 1
cfn=(160)
calls=1 -52 
* 2728
+1 2
+1 1
+1 1
-1 1
+1 1
+2 6

fn=(160)
204 36
58 6
204 12
+3 12
+22 6
-1 6
+1 6
58 12
235 18
cfi=(51) ./setjmp/../sysdeps/x86_64/setjmp.S
cfn=(162) __sigsetjmp
calls=6 31 
* 144
* 18
+2 18
cfi=(64)
cfn=(206)
calls=5 61 
* 10707
cfi=(2)
cfn=(164) map_doit
calls=1 641 
* 2662
69 6
+1 6
-1 6
+1 6
239 24
-25 6
+34 18
59 12
+11 18

fl=(11)
fn=(58) __GI___tunable_set_val
153 15
-81 40
+81 15
-81 10
+10 5
fi=(252) ./elf/./dl-tunable-types.h
+2 5
fe=(11)
+9 40
+1 25
fi=(12) ./elf/./elf/dl-tunables.h
+47 10
fe=(11)
-26 25
+1 5
+1 5
+1 5
+39 15
fi=(12)
-15 10
fe=(11)
-45 10
+3 5
fi=(12)
+51 5
fe=(11)
-51 5
+4 10
+7 10
+1 10
-12 25

fn=(28)
387 38
+3 76
-3 38
+3 304
+9 35
-9 70
+19 23
+7 228
+2 38
-19 15
+1 15
+9 6

fn=(22) __GI___tunables_init
261 8
+22 1
-22 1
128 1
283 1
-22 1
+6 4
42 165
+6 32
-3 32
+3 2334
+4 64
+4 64
fi=(12)
160 32
fe=(11)
56 64
fi=(12)
161 20
-1 92
+1 116
-1 64
fe=(11)
281 5248
+6 9504
fi=(12)
160 320
+1 640
-1 25
+1 100
-1 125
fe=(11)
304 8

fl=(43) ./string/../sysdeps/x86_64/multiarch/../multiarch/memset-vec-unaligned-erms.S
fn=(130) memset
132 8
+1 40
+5 8
+1 8
+3 2
+1 2
244 2
+1 2
+12 2
+3 2
+1 2
+12 2
+1 2
+13 2
+1 2
+2 2
+3 1
+3 2
+3 1
+1 1
+1 1
+1 1
+1 1
+1 1
+1 1
-6 34
+1 34
+1 34
+1 34
+1 34
+1 34
+1 34
+3 2
+1 2
+1 2
+1 2
+5 2
+34 6
+2 6
+1 6
+39 6
+1 6
+2 6

fl=(169) ./elf/./elf/dl-call-libc-early-init.c
fn=(546) _dl_call_libc_early_init
27 1
+2 2
-2 1
+6 3
-6 3
+6 1
-6 2
+6 1
cfi=(168)
cfn=(542)
calls=1 +41 
* 225
+4 2
+2 3
+2 1
-1 1
-1 1
+2 2
-1 1
cob=(2)
cfi=(170) ./elf/./elf/libc_early_init.c
cfn=(548) __libc_early_init
calls=1 -7 
* 353

fl=(177) ./elf/./elf/dl-init.c
fn=(580) call_init.part.0
26 60
+17 5
+3 5
-3 10
+3 10
+5 8
+8 12
+1 12
cob=(4)
cfi=(175)
cfn=(602)
calls=1 -60 
* 7
cob=(4)
cfi=(175)
cfn=(582)
calls=1 -60 
* 7
+3 4
+1 8
+6 6
+2 6
-2 3
+3 19
+1 4
cob=(2)
cfi=(182) ./libio/./libio/vtables.c
cfn=(600) check_stdfiles_vtables
calls=1 545 
* 12
* 12
cob=(3)
cfi=(183)
cfn=(606)
calls=1 -74 
* 12
cob=(2)
cfi=(179) ./csu/./csu/init-first.c
cfn=(592) _init_first
calls=1 -28 
* 72
cob=(5)
cfi=(178)
cfn=(586)
calls=1 -74 
* 12
-1 12
+3 40
-29 2

fn=(578) _dl_init
81 13
+1 1
+1 1
+3 3
+8 2
+25 1
+1 8
+1 10
-92 10
+6 15
+2 22
+83 8
cfn=(580)
calls=4 -94 
* 283
* 8
+7 8
-98 2
+60 2
-54 3
+2 7
cfn=(580)
calls=1 -11 
* 77
* 2

fl=(29)
fn=(82)
210 21
+1 21
+6 21
+1 21
+2 14
+1 14
+1 14
+2 8
+1 8
+1 8
+2 8
+80 7
+1 7
+2 1
+4 1
+1 1
+1 1
+1 1
+1 1
+4 1
+2 1
+39 6
+1 6
+1 6
+1 6
+1 6
+7 6
+1 6
+1 6
+1 6
+1 6
+1 6
+1 6
+11 6
+1 6
+2 6
+1 6
+1 6

fn=(126)
197 17
+1 17
+1 17
+1 17
+17 17
+1 17
+2 6
+1 6
+1 6
+2 5
+1 5
+1 5
+2 5
+80 11
+1 11
+2 2
+4 2
+1 2
+1 2
+8 2
+39 9
+1 9
+1 9
+1 9
+1 9
+7 1
+1 1
+1 1
+1 1
+1 1
+1 1
+1 1
+11 1
+1 1
+2 1
+1 1
+1 1

fl=(63) ./io/../sysdeps/unix/sysv/linux/access.c
fn=(200) access
25 1
+2 7
+4 1

fl=(167) ./elf/../sysdeps/nptl/dl-mutex.c
fn=(540) __rtld_mutex_init
30 2
+10 3
-10 3
+10 1
-10 1
+10 1
-10 1
+7 1
+3 2
cfi=(168)
cfn=(542)
calls=1 +34 
* 233
+4 2
+1 8
+2 3
-2 1
+2 3
cfi=(168)
cfn=(542)
calls=1 +27 
* 223
+4 2
+1 7
+1 6

fl=(140) ./misc/../sysdeps/unix/syscall-template.S
fn=(568) munmap
117 5
+5 1

fn=(436) mprotect
117 25
+5 5

fl=(78)
fn=(270)
772 738
+3 123
-3 369
+3 123
-3 492
fi=(79) ./elf/../sysdeps/generic/dl-new-hash.h
74 123
+3 246
-8 123
+1 246
+10 123
+1 246
-1 756
+1 1512
+20 820
-2 820
+6 820
-3 1640
+2 820
-30 820
+3 1640
fe=(78)
774 123
+1 123
+3 123
-4 123
+1 123
+7 468
+5 123
-2 123
+2 123
-2 123
+6 1772
+1 1722
cfn=(274) do_lookup_x
calls=123 347 
* 49420
* 369
+28 123
-23 369
+23 123
-23 246
+24 662
+7 113
-7 113
+35 452
+34 452
-20 339
+3 226
-57 123
+76 1107
fi=(79)
87 59
+1 59
+1 118
+1 59
fe=(78)
871 2
-72 60
+18 30
+11 40

fn=(276) check_match
70 1740
+3 690
+13 113
-13 113
+13 113
-13 113
+13 339
+3 414
cfi=(32)
cfn=(94)
calls=47 +9 
* 2598
* 94
+4 113
+1 226
+2 222
+19 222
+1 888
+45 113
+1 928
-18 4
+2 4
+1 2
-1 4
+1 6
-1 4
-29 333
cfi=(32)
cfn=(94)
calls=111 -19 
* 3023
* 222
-44 12
+5 6

fn=(274)
347 1107
+1 123
-1 492
+6 123
-6 123
+65 123
-58 123
+11 123
+50 123
-3 246
+3 246
-50 123
+50 492
-19 1557
+8 519
-4 519
+1 519
+3 2076
+1 1038
+3 519
-3 519
+4 1038
+4 1038
-2 519
+5 2076
+3 3633
+99 1218
358 1038
+3 1038
+4 1038
+21 1038
+4 1038
+71 904
fi=(4) ./elf/../sysdeps/generic/ldsodefs.h
139 226
+1 339
fe=(78)
476 226
fi=(80) ./elf/../sysdeps/generic/dl-protected.h
29 452
fe=(78)
483 856
+16 226
+1 113
+22 113
-21 113
+21 791
-99 369
-1 246
+2 246
+2 119
+6 476
-6 119
+6 833
+7 432
-10 1285
+2 116
+1 348
-1 116
+1 232
-1 116
+1 116
+1 116
-1 116
+1 116
-1 812
cfn=(276)
calls=116 70 
* 12659
+4 348
+3 6
+31 48
+52 10
-1 10
+1 70
-35 36

fl=(67) ./elf/./elf/dl-cache.c
fn=(566) _dl_unload_cache
525 1
+1 4
-1 1
+3 1
-3 1
+3 1
cfi=(140)
cfn=(568)
calls=1 117 
* 6
+7 1
-6 1
+4 1
+2 1

fn=(214) _dl_load_cache_lookup
403 20
+2 4
+3 6
+69 3
+5 2
205 2
482 4
+3 6
fi=(69) ./elf/../sysdeps/x86/dl-procinfo.h
39 4
+3 6
cfi=(32)
cfn=(94)
calls=2 +56 
* 50
* 8
fe=(67)
208 12
cfi=(11)
cfn=(28)
calls=2 387 
* 46
* 2
+12 2
-10 2
-2 2
+12 4
-7 10
+9 10
+1 2
-32 4
+36 2
-4 2
+4 4
-5 55
+1 11
-32 22
+36 11
-4 11
+4 22
+4 39
cfn=(222) _dl_cache_libcmp
calls=13 357 
* 983
+1 26
346 11
+3 5
220 10
347 6
220 16
+2 20
+20 6
+3 6
+2 12
cfn=(222)
calls=3 357 
* 292
* 6
+2 1
-9 6
-30 6
+1 2
fi=(253) ./elf/../sysdeps/x86/dl-isa-level.h
28 4
fe=(67)
210 4
fi=(253)
28 2
fe=(67)
210 2
+1 2
-1 6
+76 6
fi=(253)
28 6
fe=(67)
259 4
+10 6
+1 8
+16 2
fi=(68) ./elf/../sysdeps/generic/dl-cache.h
125 2
fe=(67)
286 6
+9 4
+3 4
+3 2
+1 6
+28 4
500 4
+12 4
cfi=(22)
cfn=(62)
calls=2 57 
* 70
+1 2
-1 2
+1 24
+1 2
-1 2
+1 2
-1 2
+1 2
cfi=(29)
cfn=(82)
calls=2 210 
* 22
* 2
+1 2
cfi=(44)
cfn=(138)
calls=2 40 
* 190
+1 16
411 4
cfi=(52)
cfn=(216)
calls=1 36 
* 103
* 1
+8 5
+1 8
+3 3
+1 1
-1 3
fi=(68)
194 1
+1 5
fe=(67)
431 1
+1 2

fn=(222)
357 16
+1 16
+32 16
-33 16
+1 38
+2 84
+2 84
-2 168
+20 162
+2 162
-12 68
+2 68
+14 68
+1 68
-29 136
+32 9
-28 6
+6 3
+2 3
-2 3
+1 3
-1 3
+1 3
-1 3
+2 9
+2 3
-3 3
+3 9
+2 6
+9 39

fl=(48)
fn=(198) _dl_audit_objopen
77 3
+1 12

fn=(564) _dl_audit_activity_nsid
41 3
+4 12
+1 3
+1 15

fn=(856) _dl_audit_objclose
97 5
+1 20

fn=(152) _dl_audit_activity_map
29 2
+2 1
-2 5
+1 1
+1 2
+6 6

fn=(634)
118 1
+1 4

fl=(32)
fn=(244)
98 1
+27 1
+1 1
+1 1
+1 1
+1 1
+2 1
+1 1
+2 1
+1 1
+21 1
+1 1
+1 1
+1 1
+1 1
+1 1
+1 1
+1 1
+17 1
+1 1
+1 1
+1 1
+1 1
+1 1
+1 1
2104 1
+3 1
+1 1
+2 1
+1 1
+8 1
+1 1

fn=(94)
98 274
+33 274
+1 274
+2 274
+1 274
+21 274
+1 274
+1 221
+1 221
+1 205
+1 205
+1 205
+1 205
+17 205
+1 205
+1 205
+1 205
+1 205
+1 205
+1 205
+5 15
+1 45
+9 15
+1 15
+1 15
+1 15
+1 15
+1 15
+1 15
+1 15
-7 69
+1 69
+1 69
+1 69
+1 69
+1 69
+1 69
+1 69
+1 80
+1 32
+1 32
+1 32
+2 32
+1 32
+1 32
+1 32
+1 32
+1 32
-5 48
+1 48
+1 48
+1 48
+1 48
+1 48
+10 4
+1 4
+1 4
+2 4
+6 4
+1 4
+1 4
+1 4
+1 4
+5 4
+52 6
+1 6
+1 6
+1 6
+1 6
+2 6
+1 6
+1 6
+1 6
+1 6
+1 6
+1 6
+1 6
+3 6
+1 6
+1 6
+6 6
+1 6
+1 12
+4 6
+1 6
+3 6
+1 6
+1 6
+2 6
+1 6
+1 6
+4 6
+1 6
+1 6
+1 6
+1 6
+1 6
661 1
+1 1
+1 1
+1 1
+1 1
+2 1
+1 1
+1 1
+1 1
+1 1
+1 1
+1 1
780 1
+1 1
+1 1
+1 1
+1 1
+2 1
+1 1
+1 1
+1 1
+1 1
+1 1
+1 1
899 3
+1 3
+1 3
+1 3
+1 3
+2 3
+1 3
+1 3
+1 3
+1 3
+1 3
+1 3
+1 2
+4 2
+1 2
+1 2
+6 2
+1 2
+1 4
+4 2
+1 2
+3 2
+1 2
+1 2
+2 2
+1 2
+1 2
+4 2
+1 2
+1 2
+1 2
+1 2
+1 2
+7 1
+1 1
+2 1
+1 1
+2 1
+1 1
+1 1
+2 1
+1 1
+1 1
+4 1
+1 1
+1 1
+1 1
+1 1
+1 1
+41 3
+1 3
+1 3
+1 3
+1 3
+2 3
+1 3
+1 3
+1 3
+1 3
+1 3
+1 3
+1 2
+4 2
+1 2
+1 2
+6 2
+1 2
+1 4
+4 2
+1 2
+3 2
+1 2
+1 2
+2 2
+1 2
+1 2
+4 2
+1 2
+1 2
+1 2
+1 2
+1 2
+69 4
+1 4
+1 4
+1 4
+1 4
+2 4
+1 4
+1 4
+1 4
+1 4
+1 4
+1 4
+1 1
+4 1
+1 1
+1 1
+6 1
+1 1
+1 2
+4 1
+1 1
+3 1
+1 1
+1 1
+2 1
+1 1
+1 1
+4 1
+1 1
+1 1
+1 1
+1 1
+1 1
+69 11
+1 11
+1 11
+1 11
+1 11
+2 11
+1 11
+1 11
+1 11
+1 11
+1 11
+1 11
+1 1
+4 1
+1 1
+1 1
+6 1
+1 1
+1 2
+4 1
+1 1
+3 1
+1 1
+1 1
+2 1
+1 1
+1 1
+4 1
+1 1
+1 1
+1 1
+1 1
+1 1
+69 5
+1 5
+1 5
+1 5
+1 5
+2 5
+1 5
+1 5
+1 5
+1 5
+1 5
+1 5
+1 3
+4 3
+1 3
+1 3
+6 3
+1 3
+1 6
+4 3
+1 3
+3 3
+1 3
+1 3
+2 3
+1 3
+1 3
+4 3
+1 3
+1 3
+1 3
+1 3
+1 3
+69 7
+1 7
+1 7
+1 7
+1 7
+2 7
+1 7
+1 7
+1 7
+1 7
+1 7
+1 7
+1 6
+4 6
+1 6
+1 6
+6 6
+1 6
+1 12
+4 6
+1 6
+3 6
+1 6
+1 6
+2 6
+1 6
+1 6
+4 6
+1 6
+1 6
+1 6
+1 6
+1 6
+69 7
+1 7
+1 7
+1 7
+1 7
+2 7
+1 7
+1 7
+1 7
+1 7
+1 7
+1 7
+1 2
+4 2
+1 2
+1 2
+6 2
+1 2
+1 4
+4 2
+1 2
+3 2
+1 2
+1 2
+2 2
+1 2
+1 2
+4 2
+1 2
+1 2
+1 2
+1 2
+1 2
+7 1
+1 1
+2 1
+1 1
+2 1
+1 1
+1 1
+2 1
+1 1
+1 1
+4 1
+1 1
+1 1
+1 1
+1 1
+1 1
+41 8
+1 8
+1 8
+1 8
+1 8
+2 8
+1 8
+1 8
+1 8
+1 8
+1 8
+1 8
+1 7
+4 7
+1 7
+1 7
+6 7
+1 7
+1 14
+4 7
+1 7
+3 7
+1 7
+1 7
+2 7
+1 7
+1 7
+4 7
+1 7
+1 7
+1 7
+1 7
+1 7
+7 1
+1 1
+2 1
+1 1
+2 1
+1 1
+1 1
+2 1
+1 1
+1 1
+4 1
+1 1
+1 1
+1 1
+1 1
+1 1
+41 9
+1 9
+1 9
+1 9
+1 9
+2 9
+1 9
+1 9
+1 9
+1 9
+1 9
+1 9
+1 3
+4 3
+1 3
+1 3
+6 3
+1 3
+1 6
+4 3
+1 3
+3 3
+1 3
+1 3
+2 3
+1 3
+1 3
+4 3
+1 3
+1 3
+1 3
+1 3
+1 3
+69 15
+1 15
+1 15
+1 15
+1 15
+2 15
+1 15
+1 15
+1 15
+1 15
+1 15
+1 15
+2 7
+4 7
+1 7
+1 7
+6 7
+1 7
+2 14
+4 7
+1 7
+3 7
+1 7
+1 7
+2 7
+1 7
+1 7
+4 7
+1 7
+1 7
+1 7
+1 7
+1 7
+71 40
+2 40
+1 40
+1 40
+1 40
-3 44
+1 44
+1 44
+1 44
+1 64
+5 32
+6 32
+1 32
+8 32
+1 32
-16 242
+6 242
+1 242
+8 242
+1 242

fl=(62)
fn=(194)
25 4
+1 16
+1 4

fl=(8) ./elf/./elf/dl-setup_hash.c
fn=(14) _dl_setup_hash
25 5
+3 5
-3 5
+3 10
+3 15
+1 10
+2 5
-1 5
+3 15
+1 5
+1 10
+7 5
-5 5
-2 5
+3 10
+2 5
+2 10
+5 5

fl=(76) ./elf/../sysdeps/x86_64/dl-cet.c
fn=(260) _dl_cet_check
361 8
-76 1
-10 2
+2 2
-1 1
+6 1
+3 1
+8 1
-11 1
+1 1
-1 1
+1 1
-1 1
+1 1
+10 4
+3 1
+4 2
+2 2
-1 1
+2 2
+2 2
-1 2
+4 1
+2 1
+3 2
145 2
+12 2
+16 1
+6 1
363 6

fn=(574) _dl_cet_setup_features
331 1
+3 2
+16 1

fl=(9) ./elf/../sysdeps/unix/sysv/linux/dl-sysdep.c
fn=(16) _dl_sysdep_start
102 5
+4 1
-4 1
+1 1
+3 1
cfn=(18) _dl_sysdep_parse_arguments
calls=1 -28 
* 374
+4 2
cfi=(11)
cfn=(22)
calls=1 261 
* 19066
+3 1
cfi=(13)
cfn=(26) _dl_sort_maps_init
calls=1 289 
* 38
+2 2
cfi=(14) ./elf/../sysdeps/unix/sysv/linux/brk.c
cfn=(30) brk
calls=1 -79 
* 8
fi=(6) ./elf/../sysdeps/x86_64/dl-machine.h
220 1
cfi=(15) ./elf/../sysdeps/x86/dl-get-cpu-features.c
cfn=(34) _dl_x86_init_cpu_features
calls=1 37 
* 7349
fe=(9)
-98 3
+1 1
cfi=(22)
cfn=(62)
calls=1 -66 
* 17
* 1
+2 2
cfi=(23) ./elf/../misc/sbrk.c
cfn=(64) sbrk
calls=1 -88 
* 16
* 3
+12 3
+3 5
cfi=(2)
cfn=(66) dl_main
calls=1 1346 
* 135580
+3 4

fn=(562) _dl_sysdep_start_cleanup
147 1
+1 1

fn=(18)
78 1
+2 1
-2 6
+1 1
+1 1
-1 1
+2 2
+2 1
-2 1
+2 2
-1 1
+1 2
-1 31
+1 62
+7 56
fi=(10) ./elf/../sysdeps/unix/sysv/linux/dl-parse_auxv.h
-49 1
fe=(9)
+45 1
fi=(10)
-54 1
fe=(9)
+54 1
fi=(10)
-54 1
+1 1
+1 1
+7 3
+1 40
+1 20
-2 20
+2 20
-2 61
fe=(9)
+52 3
+1 1
+1 2
fi=(10)
-49 1
+1 1
fe=(9)
+46 1
fi=(10)
-45 1
+3 1
+1 1
+1 1
+1 1
+2 1
-5 1
-4 1
+1 1
+4 1
+1 1
+3 1
-7 1
-4 1
+1 1
+8 1
fe=(9)
+40 1
-1 1
+2 1
+1 6

fl=(65) ./io/../sysdeps/unix/sysv/linux/stat64.c
fn=(210) stat
28 6
+1 12
cfi=(66)
cfn=(212)
calls=3 146 
* 28

fl=(20) ./elf/../sysdeps/x86/dl-cacheinfo.h
fn=(52) intel_check_word.constprop.0
123 48
-4 72
+10 24
-10 96
+10 48
-10 24
+10 24
-10 24
+10 24
+2 48
+71 48
fi=(21) ./elf/../bits/stdlib-bsearch.h
32 24
fe=(20)
202 120
-71 96
+2 60
+2 120
+8 120
+51 96
+22 48
fi=(21)
28 48
-1 96
+2 216
+2 168
+1 84
fe=(20)
+78 168
+3 324
fi=(21)
-78 264
-6 528
+2 480
+1 240
fe=(20)
+78 480
+15 12
246 144
fi=(21)
37 120
fe=(20)
155 36
+3 36
-6 12
+3 39
+9 18
+23 21
-32 63
+3 63
+4 58
+2 116
+3 84
+1 48
+1 48
+1 30
+2 11
+2 22
+6 14
+3 8
+1 12
-20 15
+12 4
+2 4
+1 4
-2 4
-1 4
+2 8
-2 4
+3 4
-2 12
+2 12
+11 2
-9 12

fn=(50) handle_intel.constprop.0
255 24
-5 12
+17 12
-17 96
+11 12
+1 12
+5 36
+4 24
+34 96
-29 12
+3 24
-3 12
+3 36
cfn=(52)
calls=12 123 
* 4092
+2 24
+3 60
cfn=(52)
calls=12 123 
* 1272
+2 24

fn=(56) get_common_cache_info.constprop.0
571 11
+17 1
+1 1
+9 1
-12 1
+2 1
+2 1
+8 1
-11 1
+3 1
+11 2
-5 3
+17 1
+5 3
+4 2
770 5
+1 5
+4 2
+8 1
-1 1
+1 1
+1 1
+1 7
627 5
+3 6
-32 5
+75 4
+8 5
+2 2
-2 1
+6 3
+3 1
+1 5
-4 4
+21 2
-21 4
+2 1
+2 4
-4 1
+6 4
+3 2
+5 1
+2 2
+1 1
+1 1
-2 2
+1 1
-19 4
+46 2
+1 1
+1 2
+1 1
+25 3
630 3
+10 6
+14 2
+4 1
+3 1
+1 1
-4 2
+3 3
+6 4
-37 12
+7 6
-7 3
+7 2
+3 20
+5 2
+4 1
+1 1
-1 2
+1 1
+61 2
+7 1
+2 2
-16 1
+22 1
-6 2
+1 1
+5 1
-30 5

fl=(2)
fn=(66)
1346 2
197 1
1346 11
199 1
302 1
+1 1
197 1
+99 3
1357 1
cfi=(24)
cfn=(68) __tls_pre_init_tp
calls=1 53 
* 17
2749 1
2538 1
2749 2
2598 1
+2 2
+15 1
-13 2
cfi=(25) ./elf/./elf/dl-environ.c
cfn=(70) _dl_next_ld_env_entry
calls=1 28 
* 41
* 4
cfi=(25)
cfn=(70)
calls=2 28 
* 185
* 9
+4 6
-2 2
+2 6
+1 2
-1 6
+1 17
-1 89
+9 12
2727 3
1373 1
+1 2
-1 2
+1 2
2687 3
-47 2
+10 2
1637 9
cfi=(26)
cfn=(72)
calls=1 59 
* 210
* 1
+2 2
+1 3
+6 1
-5 2
+1 3
+4 1
cfi=(26)
cfn=(84)
calls=1 31 
* 42
+1 2
1116 1
-1 1
1351 1
1143 1
-21 2
+21 2
-19 1
+1 1
-3 1
+21 2
+57 1
-82 1
+25 1
-3 1
+4 1
+19 1
+37 4
-56 102
+56 4
-1 4
+1 8
-1 4
+2 8
+1 1
+2 12
+1 14
+4 8
+1 8
+1 4
+4 12
-72 27
1253 2
+1 22
+6 4
cfi=(30)
cfn=(88) _dl_process_pt_gnu_property
calls=1 868 
* 90
-7 26
+1 13
+6 13
-6 26
fi=(31) ./elf/../sysdeps/x86/dl-prop.h
235 4
+1 2
-87 4
fe=(2)
1148 1
-5 1
+5 2
-5 2
+30 1
-9 2
+2 1
-3 1
+10 2
+18 2
-38 2
-10 1
+10 1
+1 9
-11 2
+1 14
1247 1
1143 1
1247 2
1143 3
1266 4
+3 3
+2 3
1672 3
+2 2
-1 1
+1 1
+1 3
-2 2
cfi=(32)
cfn=(94)
calls=1 98 
* 25
* 2
+7 1
+3 1
-5 1
+3 1
+2 1
+1 2
+4 2
+2 2
fi=(3) ./elf/./get-dynamic-info.h
39 4
+4 1
+2 1
+9 1
+1 1
-10 2
+23 27
-23 108
+4 54
+3 6
-1 12
+3 24
+1 20
fe=(2)
1243 1
1143 1
1243 1
1143 2
fi=(3)
72 4
+43 2
+7 3
+1 4
+6 3
+18 4
+5 2
+2 2
+2 2
+2 2
+1 2
+3 4
+2 3
+1 2
+9 2
+6 2
+1 3
+3 3
fe=(2)
1698 4
+7 2
cfi=(8)
cfn=(14)
calls=1 25 
* 27
+3 2
fi=(33) ./elf/./setup-vdso.h
24 2
fi=(36) ./elf/./dl-main.h
+85 2
fi=(35) ./elf/../sysdeps/unix/sysv/linux/dl-vdso-setup.h
-64 1
fi=(36)
+64 3
cfi=(30)
cfn=(106) _dl_init_paths
calls=1 706 
* 2322
fe=(2)
1733 3
cfi=(45)
cfn=(144)
calls=1 56 
* 34
+7 1
-5 1
-2 1
+7 1
+4 1
+1 1
+2 1
-3 3
+1 2
+3 1
+11 1
-13 1
+13 1
+1 2
+5 1
-3 2
+2 1
+1 2
+5 3
+1 5
-1 2
224 1
+1 1
-1 1
+1 3
+1 2
1788 2
+5 1
-1 1
1352 1
1793 1
+24 1
cfi=(46) ./elf/../elf/dl-tls.c
cfn=(146) _dl_count_modids
calls=1 192 
* 6
* 1
fi=(47) ./elf/../sysdeps/generic/dl-debug.h
29 4
+1 1
fe=(2)
1823 1
+1 1
cfi=(45)
cfn=(150)
calls=1 116 
* 2
+1 1
+4 3
cfi=(48)
cfn=(152)
calls=1 29 
* 17
+5 3
+2 1
+2 2
+9 2
+16 4
cfi=(63)
cfn=(200)
calls=1 25 
* 9
* 2
+76 4
+16 3
85 1
1965 1
85 2
1965 1
85 1
1965 5
85 1
1965 2
cfi=(64)
cfn=(202)
calls=1 143 
* 13473
92 1
+9 1
1971 1
92 2
+9 2
1971 2
+1 6
-1 4
+1 8
-1 16
+4 3
+1 2
+1 1
+2 18
+1 8
+46 1
-42 2
+8 3
+1 2
+2 1
+2 3
+2 1
-4 1
+5 1
-1 2
+14 2
+1 2
+1 3
-25 1
+36 2
+2 1
-2 1
+2 2
-2 1
+1 2
+1 1
-1 2
+1 1
cfi=(50)
cfn=(236)
calls=1 186 
* 7737
+10 1
+1 1
-1 1
+1 1
+3 2
837 1
fi=(254) ./elf/../sysdeps/unix/sysv/linux/dl-osinfo.h
39 2
fe=(2)
839 1
fi=(254)
52 1
fe=(2)
848 1
+7 1
-5 1
2047 3
2246 2
+4 1
-4 1
+10 1
-6 1
+6 1
-6 1
+9 2
+8 2
fi=(31)
36 2
+1 3
+3 3
+13 7
-13 4
+9 8
-9 1
+9 20
+4 16
-16 15
+34 1
fe=(2)
2279 1
fi=(31)
71 1
cfi=(76)
cfn=(260)
calls=1 361 
* 55
fe=(2)
2282 1
-3 2
+5 1
-2 2
+2 2
+1 6
cfi=(77) ./elf/./elf/dl-reloc.c
cfn=(262) _dl_relocate_object
calls=1 207 
* 71514
85 2
2292 1
85 2
2292 1
+1 20
+2 10
+5 10
+2 10
+6 5
+2 10
+1 32
cfi=(77)
cfn=(262)
calls=4 207 
* 27762
+4 12
+1 2
-23 1
+23 1
cfi=(46)
cfn=(438) _dl_add_to_slotinfo
calls=1 1017 
* 28
-23 3
92 3
+1 1
2325 1
93 1
2325 1
+4 4
+2 1
+7 4
cfi=(46)
cfn=(522) _dl_allocate_tls_init
calls=1 523 
* 149
+3 2
+4 3
+2 2
+33 3
cfi=(169)
cfn=(546)
calls=1 27 
* 603
+7 1
cfi=(9)
cfn=(562)
calls=1 147 
* 2
+3 3
cfi=(48)
cfn=(564)
calls=1 41 
* 11
+4 2
cfi=(45)
cfn=(196)
calls=1 38 
* 7
+1 1
-1 1
+2 1
cfi=(45)
cfn=(150)
calls=1 116 
* 2
+1 1
+4 1
cfi=(67)
cfn=(566)
calls=1 525 
* 19
+5 8
2304 1
+1 1
-3 2
226 2
-2 1
+1 1
1773 1
+6 1
-6 2
+6 1
fi=(3)
56 5
+3 4
fi=(34) ./elf/../sysdeps/unix/sysv/linux/dl-vdso.h
-19 2
+1 5
fi=(35)
-11 1
+3 1
+3 1
+3 1
fi=(34)
+16 2
fi=(3)
+17 3
+12 3
+1 5
+1 5
+1 5
+1 4
+1 5
+1 5
+1 5
+12 2
+7 1
-7 7
+7 2
fe=(2)
1743 4
2357 1
cfi=(163) ./elf/./elf/dl-find_object.c
cfn=(524) _dl_find_object_init
calls=1 561 
* 723
+5 3
cfi=(7)
cfn=(532)
calls=1 76 
* 2651
+3 1
cfi=(167)
cfn=(540)
calls=1 30 
* 503
85 1
2371 1
+1 3
85 3
2372 2
cfi=(77)
cfn=(262)
calls=1 207 
* 1699
92 3
+9 3
2687 2
+2 1
+1 1
-1 1
+1 1
+1 1
2040 2
cfn=(246) init_tls
calls=1 734 
* 836
* 2
2650 2
+2 2
+1 1
fi=(3)
62 4
+2 4
fe=(2)
1943 10
85 1
1842 2
85 3
1842 2
cfn=(154) handle_preload_list
calls=1 869 
* 3098
* 1
92 3
+9 3
1943 6
+1 1
-1 1
+4 3
+1 1
+1 2
+1 2
-7 2

fn=(154)
869 11
+5 1
-5 2
+5 2
-4 3
+7 3
cfi=(49)
cfn=(156)
calls=1 32 
* 254
* 1
+1 3
+9 1
183 1
889 2
183 2
891 2
-80 1
+5 1
-6 1
-4 1
+10 2
-6 1
+4 1
+2 2
-5 1
+1 1
+4 1
cfi=(50)
cfn=(158)
calls=1 254 
* 2754
+1 3
+8 3
+67 1
-18 2
+21 9
-15 4
cfi=(29)
cfn=(82)
calls=1 210 
* 19
+1 2

fn=(238)
674 2
+2 1
-2 4
+2 3
cfi=(73)
cfn=(240)
calls=1 392 
* 7700
* 2
+4 3

fn=(2) _dl_start
517 16
85 1
547 4
85 1
543 1
fi=(6)
55 1
fe=(2)
+30 1
546 1
85 1
fi=(3)
-40 1
fe=(2)
546 1
fi=(3)
45 2
+23 18
-23 72
+4 36
+3 5
-1 10
+3 20
+1 16
+1 5
fi=(4)
+23 1
fi=(3)
+31 1
-38 3
+12 4
+1 3
+1 4
+1 4
+1 5
+1 3
+1 4
+1 4
+12 7
+7 2
-51 4
+64 3
+6 3
+1 3
+3 2
+1 3
+5 5
+3 5
fe=(2)
563 154
fi=(4)
79 1
fe=(2)
563 1
fi=(4)
79 2
fe=(2)
563 27
fi=(6)
287 3
fi=(5) ./elf/./elf/do-rel.h
49 1
fe=(2)
563 1
fi=(5)
50 1
-1 2
+4 1
-3 1
+3 4
+3 2
-7 1
fe=(2)
563 1
fi=(5)
50 1
-1 2
+4 1
-3 1
+3 4
+3 2
+7 3
+2 3
-2 6
fi=(6)
278 3
fi=(5)
64 6
fi=(6)
278 6
+9 24
+3 6
+1 6
+26 8
+6 2
fi=(5)
61 13
fe=(2)
563 6
fi=(5)
51 1
fi=(4)
+28 2
fi=(3)
-17 4
+2 4
fe=(2)
565 1
+13 1
cfi=(7)
cfn=(12)
calls=1 42 
* 10
458 2
85 1
476 2
85 3
476 1
cfi=(8)
cfn=(14)
calls=1 25 
* 27
+2 1
+16 2
-17 1
+11 1
-10 1
+16 1
cfi=(9)
cfn=(16)
calls=1 102 
* 162485
* 1
+2 2
+89 9
fi=(3)
103 3
fe=(2)

fn=(164)
641 2
+2 1
-2 4
+2 1
+1 2
-1 2
+1 3
cfi=(30)
cfn=(166)
calls=1 1967 
* 2643
* 1
+2 3

fn=(246)
734 1
+6 1
-6 3
+2 2
+4 2
+11 1
fi=(28)
44 1
fe=(2)
746 1
+4 1
fi=(28)
44 1
cfi=(27)
cfn=(74)
calls=1 +36 
* 41
fe=(2)
761 1
-12 1
+6 1
-9 1
+11 1
+4 1
+2 3
-1 2
+3 10
+4 1
+2 1
-2 2
-5 1
-1 2
+10 3
+3 2
cfi=(46)
cfn=(248) _dl_tls_static_surplus_init
calls=1 97 
* 86
+3 1
cfi=(46)
cfn=(250) _dl_determine_tlsoffset
calls=1 216 
* 79
+7 1
cfi=(46)
cfn=(252) _dl_allocate_tls_storage
calls=1 417 
* 469
* 1
+1 2
+6 1
fi=(74) ./elf/../sysdeps/generic/dl-call_tls_init_tp.h
31 2
fe=(2)
793 1
fi=(74)
31 6
+2 1
cfi=(24)
cfn=(256) __tls_init_tp
calls=1 +35 
* 79
fe=(2)
800 1
-3 1
+3 4
-36 4
-1 9

fl=(16) ./elf/../sysdeps/x86/cpu-features.c
fn=(36) init_cpu_features.constprop.0
682 1
+17 1
-17 7
+3 1
+1 1
+1 1
+3 1
+9 2
+3 6
1001 3
+1 2
+3 2
+1 2
+6 1
+1 1
+1 1
+1 1
fi=(20)
792 1
+1 1
+2 1
+14 2
+85 1
+1 1
+15 1
-5 1
+5 1
-10 1
-6 1
+2 1
+14 1
-15 1
+2 1
-1 1
+2 1
-1 1
+2 1
-1 1
+1 1
+2 1
+1 1
+1 1
+1 1
+35 2
-15 3
+8 2
+27 6
+9 2
+19 2
+8 6
cfi=(11)
cfn=(28)
calls=1 387 
* 23
* 1
+2 2
+3 4
cfi=(11)
cfn=(28)
calls=1 387 
* 23
* 1
+2 2
+3 4
cfi=(11)
cfn=(28)
calls=1 387 
* 23
* 1
+1 5
+16 2
-12 5
cfi=(11)
cfn=(28)
calls=1 387 
* 23
* 1
+1 3
+6 3
+3 1
-3 2
cfi=(11)
cfn=(28)
calls=1 387 
* 23
* 1
+3 5
-3 1
+3 5
cfi=(11)
cfn=(58)
calls=1 153 
* 62
+1 10
cfi=(11)
cfn=(58)
calls=1 153 
* 62
+1 11
cfi=(11)
cfn=(58)
calls=1 153 
* 62
+3 10
cfi=(11)
cfn=(58)
calls=1 153 
* 62
+2 10
cfi=(11)
cfn=(58)
calls=1 153 
* 62
+13 1
+2 1
fe=(16)
-23 1
fi=(20)
+21 1
+3 1
fe=(16)
-24 1
fi=(20)
+26 1
-5 1
+2 1
-2 1
+3 1
fe=(16)
-24 1
fi=(20)
+25 1
+3 1
-1 1
fe=(16)
-27 1
cfi=(11)
cfn=(28)
calls=1 387 
* 22
+3 4
cfi=(11)
cfn=(28)
calls=1 387 
* 24
+6 3
+54 1
-1 1
+1 1
+45 4
cfi=(11)
cfn=(28)
calls=1 387 
* 22
+2 4
cfi=(11)
cfn=(28)
calls=1 387 
* 22
+6 4
cfi=(11)
cfn=(28)
calls=1 387 
* 24
+7 8
fi=(20)
974 12
fe=(16)
+68 1
-1 2
+1 3
+44 3
+27 2
-10 2
+1 2
+2 3
+1 2
+2 3
+1 2
fi=(20)
811 2
cfn=(50)
calls=1 255 
* 455
+1 1
-1 1
+1 1
cfn=(50)
calls=1 255 
* 503
+1 1
-1 1
+1 1
cfn=(50)
calls=1 255 
* 530
+4 1
-4 1
+1 2
+3 1
cfn=(50)
calls=1 255 
* 476
+2 1
-2 1
+2 1
cfn=(50)
calls=1 255 
* 468
+3 1
-3 1
+1 2
+2 1
cfn=(50)
calls=1 255 
* 446
+2 1
-2 1
+2 1
cfn=(50)
calls=1 255 
* 447
+3 1
-2 1
-1 1
+3 1
cfn=(50)
calls=1 255 
* 494
+2 1
-2 1
+2 1
cfn=(50)
calls=1 255 
* 495
+1 1
+2 1
-3 1
+1 1
+2 1
cfn=(50)
calls=1 255 
* 521
+2 1
-2 1
+2 1
cfn=(50)
calls=1 255 
* 522
+2 1
-2 1
+2 1
cfn=(50)
calls=1 255 
* 523
+2 4
-2 1
+2 1
cfn=(56)
calls=1 571 
* 223
+93 1
-6 3
+6 1
-6 2
+6 2
-6 2
+6 2
-1 2
fe=(16)
708 6
cfn=(38) get_common_indices.constprop.0
calls=1 398 
* 74
376 3
+1 2
+1 6
+5 2
713 1
cfn=(42) update_active.constprop.0
calls=1 72 
* 222
+2 1
+2 1
1015 1
715 2
878 2
+7 2
+2 2
+4 2
+6 2
+2 1
706 2
-3 1
384 6
+5 2
+1 7
717 1
fi=(20)
987 1
-48 1
fe=(16)
717 1
fi=(20)
987 2
fe=(16)
717 6
+4 7
+78 1
-25 3
+92 2
+3 2
fi=(20)
+38 1
fe=(16)
-37 1
-89 2
+51 2

fn=(38)
398 3
+4 4
+3 3
+5 2
-5 1
+5 1
-5 1
+4 1
+1 1
+1 4
+1 4
+1 3
+1 2
+7 2
+2 5
+5 1
-5 1
+5 1
-5 1
+5 1
-5 2
+5 1
+7 1
-7 4
+7 1
+1 3
+6 1
-6 4
+6 1
fi=(17) ./elf/../sysdeps/unix/sysv/linux/x86/dl-minsigstacksize.h
24 2
+3 2
+1 2
+37 3
+7 1
+2 1
fe=(16)
457 3

fn=(42)
72 8
+4 1
+10 1
+9 1
+9 1
-19 1
-1 1
+29 1
-4 1
-24 1
+9 1
+9 1
+9 1
-28 2
+25 1
-15 1
-9 1
+9 1
+9 1
+9 1
-3 1
+7 1
-13 1
+9 1
+4 2
-22 1
+22 2
-13 1
+6 1
+3 1
+5 1
+12 1
-8 1
-4 1
+7 1
-3 4
+1 1
+2 1
-2 2
+1 3
+5 1
+2 1
-2 4
+1 1
+1 1
-1 2
+1 1
-1 1
+3 2
+1 4
+14 2
356 2
+4 3
fi=(18) ./elf/../sysdeps/unix/sysv/linux/x86/dl-hwcap2.h
25 2
fi=(19) ./elf/../sysdeps/x86/get-isa-level.h
+5 1
-2 1
+2 3
fe=(16)
369 1
+1 8
151 2
+1 2
-1 5
+1 2
+2 3
+90 1
+1 1
-1 2
+17 4
+16 2
+5 1
-1 2
+4 4
+4 2
+4 3
+1 2
+3 1
-1 1
+9 1
-5 1
+2 1
-2 1
+5 1
+51 1
fi=(19)
31 1
fe=(16)
356 2
fi=(19)
32 3
+4 3
fe=(16)
158 4
+3 1
+3 2
+14 1
+2 1
+10 3
-12 1
+12 1
-12 1
+2 2
-2 1
+2 1
+8 1
-8 1
+6 3
+2 1
-2 1
+2 3
+7 5
fi=(19)
39 2
+1 4
-2 1
+7 4
+2 1
+1 2
+3 5
+2 4
+1 2
+1 2
+3 1
-1 1
+1 3
fe=(16)
171 1
-5 2
+4 1

fl=(14)
fn=(30)
36 1
fi=(255) ./elf/../sysdeps/unix/sysv/linux/brk_call.h
-12 2
fe=(14)
+13 1
+1 2
+6 1
+1 1

fl=(77)
fn=(262)
207 66
+1 12
+12 5
+4 20
-4 5
+6 15
+3 5
-1 5
+1 10
+22 25
+4 4
+7 6
fi=(6)
81 8
fi=(4)
-2 5
fe=(77)
301 10
fi=(4)
79 10
fe=(77)
301 9884
fi=(4)
79 2
fe=(77)
301 2
fi=(4)
79 4
fe=(77)
301 202
-80 10
fi=(6)
393 10
fe=(77)
190 5
+31 5
-31 5
fi=(6)
393 15
fi=(5)
49 5
fe=(77)
301 5
fi=(5)
50 5
+30 5
-31 10
+4 5
-3 5
+3 5
-3 5
+3 15
+27 10
-31 5
fe=(77)
301 5
fi=(5)
50 5
+30 5
-31 10
+4 5
-3 5
+3 5
-3 5
+3 15
+27 10
fe=(77)
301 30
fi=(5)
51 5
fi=(4)
+28 25
fi=(6)
730 10
+4 8
fe=(77)
304 25
+24 5
+3 10
+17 15
+2 48
-98 10
+3 6
+7 3
-9 3
+9 6
fi=(6)
81 6
fi=(5)
+33 30
+9 18
+1 2
fi=(6)
498 2
fi=(5)
124 2
fi=(6)
498 4
fi=(5)
124 4
fi=(6)
498 4
fi=(5)
124 4
fi=(6)
498 8
+5 12
+1 6
fi=(5)
123 6
fi=(6)
504 6
-5 6
fi=(5)
123 12
+3 30
+3 32
+2 28
fe=(77)
+59 8
fi=(5)
73 4
fe=(77)
190 4
fi=(5)
72 4
fe=(77)
190 36
fi=(5)
-57 8
+1 4
+1 4
-2 4
+2 4
+3 4
-5 4
+2 4
-2 4
+1 8
+2 4
-2 4
+2 12
+2 8
-5 398
+1 199
+1 199
-2 199
+2 199
+3 199
-5 199
+2 199
-2 199
+1 398
+2 199
-2 199
+2 597
+2 398
+9 135
fi=(6)
267 270
+7 270
+4 270
fe=(77)
170 540
fi=(4)
-30 360
fe=(77)
+31 240
+3 240
+8 226
-8 1005
+12 222
-3 111
+1 111
+2 448
-3 2
+1 2
+2 121
+1 113
-1 113
+2 226
-1 452
+3 678
cfi=(78)
cfn=(270)
calls=113 772 
* 66738
+3 113
+1 226
-4 113
+4 565
fi=(6)
+93 474
+3 114
-3 357
+3 129
-3 129
+5 258
+25 810
423 24
fi=(5)
150 24
fi=(6)
423 220
fi=(5)
150 364
-19 824
+33 16
+1 72
+1 252
+3 136
+4 68
-1 68
-3 68
+2 136
+2 68
-2 136
fe=(77)
-1 272
fi=(6)
287 68
+3 68
-3 68
+4 136
476 136
+2 68
cfi=(15)
cfn=(544) __x86_cpu_features
calls=1 71 
* 6
cob=(3)
cfi=(162)
cfn=(518)
calls=1 26 
* 8
cob=(3)
cfi=(146)
cfn=(514)
calls=1 27 
* 9
cob=(3)
cfi=(161)
cfn=(510)
calls=1 26 
* 9
cob=(3)
cfi=(160)
cfn=(506)
calls=1 27 
* 9
cob=(3)
cfi=(159)
cfn=(502)
calls=1 26 
* 9
cob=(3)
cfi=(156)
cfn=(498)
calls=1 27 
* 8
cob=(3)
cfi=(158)
cfn=(496)
calls=1 49 
* 6
cob=(3)
cfi=(157)
cfn=(492)
calls=1 26 
* 9
cob=(3)
cfi=(156)
cfn=(488)
calls=1 35 
* 8
cob=(3)
cfi=(155)
cfn=(484)
calls=1 27 
* 9
cob=(3)
cfi=(154)
cfn=(480)
calls=1 26 
* 9
cob=(3)
cfi=(153)
cfn=(476)
calls=1 27 
* 9
cob=(3)
cfi=(151)
cfn=(472)
calls=1 27 
* 8
cob=(3)
cfi=(150)
cfn=(468)
calls=1 30 
* 9
cob=(3)
cfi=(149)
cfn=(464)
calls=1 26 
* 9
cob=(3)
cfi=(148)
cfn=(460)
calls=1 27 
* 9
cob=(3)
cfi=(147)
cfn=(456)
calls=1 27 
* 9
cob=(3)
cfi=(146)
cfn=(452)
calls=1 34 
* 9
cob=(3)
cfi=(145)
cfn=(448)
calls=1 27 
* 9
cob=(3)
cfi=(143)
cfn=(444)
calls=1 27 
* 9
cob=(3)
cfi=(141)
cfn=(440)
calls=1 26 
* 9
cob=(2)
cfi=(139) ./string/../sysdeps/x86_64/multiarch/strncase.c
cfn=(432) strncasecmp
calls=1 31 
* 21
cob=(2)
cfi=(138) ./string/../sysdeps/x86_64/multiarch/mempcpy.c
cfn=(428) mempcpy
calls=1 33 
* 22
cob=(2)
cfi=(137) ./wcsmbs/../sysdeps/x86_64/multiarch/wcpcpy.c
cfn=(424) wcpncpy
calls=1 31 
* 18
cob=(2)
cfi=(136) ./string/../sysdeps/x86_64/multiarch/strspn.c
cfn=(422) strspn
calls=1 29 
* 7
cob=(2)
cfi=(134) ./string/../sysdeps/x86_64/multiarch/memchr.c
cfn=(418) memchr
calls=1 29 
* 23
cob=(2)
cfi=(133) ./string/../sysdeps/x86_64/multiarch/memmove.c
cfn=(414) memmove
calls=1 29 
* 22
cob=(2)
cfi=(132) ./string/../sysdeps/x86_64/multiarch/stpcpy.c
cfn=(410) stpcpy
calls=1 33 
* 17
cob=(2)
cfi=(131) ./debug/../sysdeps/x86_64/multiarch/memmove_chk.c
cfn=(406) __memmove_chk
calls=1 29 
* 22
cob=(2)
cfi=(129) ./wcsmbs/../sysdeps/x86_64/multiarch/wmemcmp.c
cfn=(402) wmemcmp
calls=1 29 
* 24
cob=(2)
cfi=(128) ./string/../sysdeps/x86_64/multiarch/strncpy.c
cfn=(398) strncpy
calls=1 29 
* 19
cob=(2)
cfi=(127) ./string/../sysdeps/x86_64/multiarch/strlen.c
cfn=(394) strlen
calls=1 29 
* 25
cob=(2)
cfi=(100) ./wcsmbs/../sysdeps/x86_64/multiarch/wcscat.c
cfn=(390) wcscat
calls=1 31 
* 18
cob=(2)
cfi=(126) ./string/../sysdeps/x86_64/multiarch/strcasecmp_l.c
cfn=(386) strcasecmp_l
calls=1 31 
* 21
cob=(2)
cfi=(125) ./string/../sysdeps/x86_64/multiarch/strcpy.c
cfn=(382) strcpy
calls=1 29 
* 17
cob=(2)
cfi=(123) ./wcsmbs/../sysdeps/x86_64/multiarch/wmemset.c
cfn=(378) wmemset
calls=2 31 
* 20
cob=(2)
cfi=(121) ./string/../sysdeps/x86_64/multiarch/memcmp.c
cfn=(374) bcmp
calls=1 29 
* 24
cob=(2)
cfi=(120) ./string/../sysdeps/x86_64/multiarch/strchrnul.c
cfn=(370) strchrnul
calls=1 31 
* 25
cob=(2)
cfi=(119) ./string/../sysdeps/x86_64/multiarch/strncase_l.c
cfn=(366) strncasecmp_l
calls=1 31 
* 21
cob=(2)
cfi=(117) ./string/../sysdeps/x86_64/multiarch/strcat.c
cfn=(362) strcat
calls=1 29 
* 17
cob=(2)
cfi=(116) ./wcsmbs/../sysdeps/x86_64/multiarch/wcscpy.c
cfn=(360) wcscpy
calls=1 60 
* 16
cob=(2)
cfi=(115) ./string/../sysdeps/x86_64/multiarch/strcspn.c
cfn=(358) strcspn
calls=1 29 
* 7
cob=(2)
cfi=(113) ./string/../sysdeps/x86_64/multiarch/strcasecmp.c
cfn=(354) strcasecmp
calls=1 31 
* 21
cob=(2)
cfi=(112) ./string/../sysdeps/x86_64/multiarch/strncmp.c
cfn=(352) strncmp
calls=1 67 
* 21
cob=(2)
cfi=(110) ./wcsmbs/../sysdeps/x86_64/multiarch/wmemchr.c
cfn=(348) wmemchr
calls=2 31 
* 46
cob=(2)
cfi=(108) ./string/../sysdeps/x86_64/multiarch/stpncpy.c
cfn=(344) stpncpy
calls=1 31 
* 19
cob=(2)
cfi=(107) ./wcsmbs/../sysdeps/x86_64/multiarch/wcscmp.c
cfn=(340) wcscmp
calls=1 30 
* 25
cob=(2)
cfi=(106) ./string/../sysdeps/x86_64/multiarch/strrchr.c
cfn=(336) rindex
calls=1 28 
* 25
cob=(2)
cfi=(104) ./debug/../sysdeps/x86_64/multiarch/memset_chk.c
cfn=(332) __memset_chk
calls=1 29 
* 24
cob=(2)
cfi=(103) ./string/../sysdeps/x86_64/multiarch/strchr.c
cfn=(330) index
calls=1 65 
* 19
cob=(2)
cfi=(100)
cfn=(324) wcschr
calls=2 31 
* 50
cob=(2)
cfi=(98) ./string/../sysdeps/x86_64/multiarch/memcmpeq.c
cfn=(320) memcpy@@GLIBC_2.14
calls=1 29 
* 22
cob=(2)
cfi=(96) ./wcsmbs/../sysdeps/x86_64/multiarch/wcsncpy.c
cfn=(316) wcsncpy
calls=1 31 
* 18
cob=(2)
cfi=(95) ./string/../sysdeps/x86_64/multiarch/memrchr.c
cfn=(312) memrchr
calls=1 29 
* 25
cob=(2)
cfi=(94) ./debug/../sysdeps/x86_64/multiarch/memcpy_chk.c
cfn=(308) __memcpy_chk
calls=1 29 
* 22
cob=(2)
cfi=(92) ./debug/../sysdeps/x86_64/multiarch/mempcpy_chk.c
cfn=(304) __mempcpy_chk
calls=1 29 
* 22
cob=(2)
cfi=(91) ./wcsmbs/../sysdeps/x86_64/multiarch/wcslen.c
cfn=(300) wcslen
calls=1 29 
* 19
cob=(2)
cfi=(89) ./string/../sysdeps/x86_64/multiarch/memset.c
cfn=(296) memset
calls=1 29 
* 24
cob=(2)
cfi=(87) ./wcsmbs/../sysdeps/x86_64/multiarch/wcsnlen.c
cfn=(292) wcsnlen
calls=1 30 
* 19
cob=(2)
cfi=(86) ./string/../sysdeps/x86_64/multiarch/strcmp.c
cfn=(290) strcmp
calls=1 79 
* 19
cob=(2)
cfi=(85) ./string/../sysdeps/x86_64/multiarch/strpbrk.c
cfn=(288) strpbrk
calls=1 29 
* 7
cob=(2)
cfi=(83) ./string/../sysdeps/x86_64/multiarch/strnlen.c
cfn=(284) strnlen
calls=2 31 
* 50
cob=(2)
cfi=(81) ./string/../sysdeps/x86/cacheinfo.c
cfn=(280) __x86_cacheinfo
calls=1 86 
* 28
fi=(5)
165 68
fi=(6)
479 68
fi=(5)
165 145
-14 99
fi=(6)
400 51
+2 68
+4 17
+9 17
-9 34
+9 17
fi=(5)
150 34
fi=(6)
320 33
+3 33
-36 75
fi=(5)
141 68
+1 68
-1 204
+2 68
fi=(6)
287 340
fe=(77)
175 63
+3 7
-1 7
+19 7
-18 14
356 25
+3 5
-3 5
+3 5
+4 10
+1 20
cfi=(140)
cfn=(436)
calls=5 117 
* 30
* 10
-63 9
fi=(5)
180 7
fe=(77)
+10 2
fi=(5)
73 1
fe=(77)
190 3
fi=(6)
436 7
fi=(5)
182 2
+1 2
-1 1
+3 1
-3 4
+3 2
-3 10
+1 10
-1 5
+3 5
-3 20
+3 10
+8 6
fi=(6)
+74 12
+7 12
+4 12
fe=(77)
170 24
fi=(4)
-30 18
fe=(77)
+31 12
+3 12
+8 12
-8 54
+12 12
-3 6
+1 6
+2 36
+4 24
-4 6
+4 18
cfi=(78)
cfn=(270)
calls=6 772 
* 3227
+3 6
+1 12
-4 6
+4 30
fi=(6)
+93 20
+3 2
-3 6
+3 2
-3 2
+5 4
+25 36
423 6
fi=(5)
196 18
-16 24
+31 7
fe=(77)
-33 7
-3 21

fl=(13)
fn=(232)
298 24
+8 2
-8 2
+8 4
+4 16
-99 2
-28 2
-2 2
+1 4
+29 2
-28 8
+1 2
-1 2
+1 2
-1 4
+1 8
-1 8
+1 8
-1 16
+28 30
+8 6
-3 2
+2 2
+1 4
-3 2
+5 32
+2 10
-83 50
cfn=(234) dfs_traversal.part.0
calls=10 -5 
* 395
+86 30
+18 8
+32 8
+7 2
+27 2
-47 6
cfi=(29)
cfn=(82)
calls=2 -53 
* 38
* 2

fn=(26)
289 2
+1 2
-1 2
+1 2
cfi=(11)
cfn=(28)
calls=1 +97 
* 24
+2 3
-1 1
+2 2

fn=(234)
135 90
+10 10
-2 10
+2 20
+2 28
-7 34
+7 68
+9 20
+15 30
+1 10
+1 60
-17 15

fl=(25)
fn=(70)
28 3
+1 3
+3 40
+13 30
-13 60
+2 64
+1 18
+5 2
-3 2
+3 2
+2 2

fl=(24)
fn=(68)
53 3
+3 8
+5 1
-5 1
+5 1
+1 1
-6 1
+8 1

fn=(256)
68 2
fi=(256) ./elf/../include/list.h
-24 1
fe=(24)
+24 3
fi=(256)
-25 1
fe=(24)
+26 1
+3 1
fi=(256)
-29 1
+1 1
+1 1
+2 1
fe=(24)
+28 4
+1 2
+1 1
+5 2
+5 1
+6 1
-3 1
+3 1
-6 3
+6 1
+12 4
cfi=(11)
cfn=(28)
calls=1 387 
* 24
fi=(75) ./elf/../sysdeps/unix/sysv/linux/rseq-internal.h
-73 3
+8 1
fe=(24)
+81 3
+7 2
+1 3
fi=(75)
-95 7
+3 2
fe=(24)

fn=(86)
42 10
+2 20

fl=(22)
fn=(62)
57 20
+44 20
+1 20
+1 20
+1 20
+1 20
+1 20
+1 20
+2 20
+2 20
+31 20
+1 20
+1 20
+1 20
+1 20
+1 11
+2 11
+4 9
+1 9
+1 9
+1 9
+1 9
+1 9
+1 9
+1 9
+1 9
+1 9
+1 9
+1 9
+5 72

fl=(23)
fn=(64)
37 4
+3 1
-3 2
+21 2
+4 2
+16 5

fl=(38)
fn=(110)
29 1
fi=(19)
+2 1
fe=(38)
+7 1
fi=(19)
-8 4
fe=(38)
+22 1
fi=(19)
-20 3
+4 1
fe=(38)
+2 1
fi=(19)
-2 2
+3 4
+1 4
+5 1
fe=(38)
-7 1
fi=(19)
+7 3
fe=(38)
-2 1
fi=(19)
+5 2
+3 5
+2 4
+1 2
+1 2
+3 1
fe=(38)
-10 1
fi=(19)
+10 3
fe=(38)

fl=(46)
fn=(252)
417 7
+2 1
+11 1
+1 1
fi=(28)
56 1
cfi=(27)
cfn=(78)
calls=1 -20 
* 85
fe=(46)
432 2
+8 3
fi=(28)
44 1
fe=(46)
440 2
+5 1
-5 1
+1 1
+4 304
+19 1
-99 1
+4 1
+1 1
fi=(28)
44 1
cfi=(27)
cfn=(74)
calls=1 +36 
* 41
fe=(46)
371 2
+3 1
+6 2
+90 7

fn=(438)
1017 8
+9 1
-9 1
+6 1
+4 1
+4 3
+34 2
+3 2
+1 3
+3 6

fn=(248)
97 2
+3 1
-3 3
+3 1
-3 1
+3 1
-3 1
+3 1
-3 1
+3 1
cfi=(11)
cfn=(28)
calls=1 387 
* 23
* 1
+1 4
cfi=(11)
cfn=(28)
calls=1 387 
* 23
+1 1
+2 1
-3 1
+1 2
+2 3
+3 1
+2 1
-26 3
+28 3
+1 6

fn=(146)
192 1
+2 2
+1 1
+15 2

fn=(250)
216 9
+6 4
+3 2
+36 3
+2 1
-2 1
-2 1
-40 1
-1 1
-1 1
+46 2
+23 3
+3 1
-3 5
+2 2
+6 1
-33 2
+20 1
-20 5
+2 2
+3 1
-1 1
+5 2
-5 1
+1 1
-1 1
+3 2
+2 3
+32 2
-1 1
+53 1
-52 5
+2 2
+51 8

fn=(522)
523 11
+1 2
+4 1
+6 1
-6 1
+6 1
cfi=(24)
cfn=(86)
calls=1 42 
* 3
+3 3
+12 1
-18 1
+42 3
-19 12
+9 3
+1 2
+6 3
+3 1
-2 1
+2 1
-2 1
+2 4
+4 1
-4 1
+4 1
-1 2
+4 2
+1 4
+2 2
+1 2
+17 1
-8 1
+8 1
+2 4
cfi=(29)
cfn=(126)
calls=1 197 
* 13
* 6
cfi=(43)
cfn=(130)
calls=1 132 
* 25
-49 1
+55 1
-55 4
+6 5
+55 2
cfi=(24)
cfn=(86)
calls=1 42 
* 3
+3 2
+3 9

fn=(226) _dl_assign_tls_modid
125 1
+16 1
-13 1
-3 3
+3 1
+55 1
-2 1
+5 1
+1 2

fl=(39)
fn=(120)
25 5
+1 3
+21 1
-20 1
+20 3

fn=(114)
51 110
-25 44
+36 5
-7 5
+7 35
-26 24
+5 27
cfi=(41) ./string/../sysdeps/x86_64/multiarch/../multiarch/strchr-sse2.S
cfn=(118) index
calls=9 -9 
* 216
* 9
+1 18
+3 6
+11 12
+1 18
+1 12
-2 6
+1 9
+1 6
-28 24
+4 48
+1 12
-1 30
+24 6
+9 12
-5 6
-2 6
+2 42
-19 6
cfi=(22)
cfn=(62)
calls=3 +14 
* 51
* 6

fl=(27)
fn=(74)
80 10
+4 10
-4 40
+7 10
+1 30
fi=(28)
-32 10
cfi=(27)
cfn=(78)
calls=10 -20 
* 407
fe=(27)

fn=(78)
36 232
+1 87
+11 84
+3 28
-3 28
+3 56
-3 2
+3 1
-3 1
+3 110
+19 29
+1 29
+2 174
-17 8
+1 4
+2 2
+1 14
cfi=(57)
cfn=(182)
calls=2 -13 
* 52
* 2
+2 4
+2 8
cfi=(58) ./misc/../sysdeps/unix/sysv/linux/setvmaname.c
cfn=(184) __set_vma_name
calls=2 -31 
* 56
+1 6
+2 2
+4 2
-4 4
-24 1
-1 1
+1 1
+1 2
-2 2

fn=(142) __minimal_free
97 1
+2 4

fl=(41)
fn=(118)
32 19
+1 19
+1 19
+1 19
+1 19
+1 19
+1 19
+1 19
+1 19
+1 19
+1 19
+1 19
+1 19
+1 19
+1 19
+1 19
+1 19
+1 19
+1 16
+4 16
+1 16
+1 16
+1 16
+2 16
+4 3
+1 3
+1 3
+1 3
+1 3
+1 3
+1 3
+1 3
+1 3
+1 3
+1 3
+1 3
+1 3
+1 3
+1 3
+1 3
+1 3
+1 3
+1 3
+1 3
+1 3
+1 3
+1 3
+1 3
+52 3
+4 3
+1 3
+1 3
+1 3
+2 3

fl=(30)
fn=(136) expand_dynamic_string_token
385 18
241 4
385 2
241 2
cfi=(41)
cfn=(118)
calls=2 32 
* 72
+3 4
410 2
-11 2
+11 12
-11 2
cfi=(44)
cfn=(138)
calls=2 40 
* 180

fn=(132) fillin_rpath.isra.0
468 9
+4 1
-4 8
+6 3
cfi=(7)
cfn=(134)
calls=1 239 
* 240
* 3
cfi=(7)
cfn=(134)
calls=1 239 
* 8
* 6
+7 2
+2 3
cfn=(136)
calls=1 -98 
* 125
* 1
+4 2
+5 2
cfi=(22)
cfn=(62)
calls=1 57 
* 17
* 1
+1 2
+7 5
+9 15
+1 8
fi=(28)
50 2
cfi=(27)
cfn=(142)
calls=1 +47 
* 5
+1 1
fe=(30)
528 4
+4 4
fi=(28)
56 1
cfi=(27)
cfn=(78)
calls=1 -20 
* 30
* 1
fe=(30)
534 2
+5 1
+1 2
-1 1
-1 1
+2 1
cfi=(29)
cfn=(126)
calls=1 197 
* 13
+3 1
-3 1
+1 1
+2 1
+6 1
+1 1
-1 3
+1 5
+1 1
-1 1
+1 1
-1 3
+1 1
-1 2
+1 1
+2 2
+1 3
+1 1
+6 2
+1 1
+3 3
-60 2
-22 2
+88 1
+3 8
-24 2

fn=(208) open_path
1812 16
+1 2
-1 6
+1 2
+6 4
+5 34
+67 4
-74 2
+7 6
+57 2
-65 2
+65 2
+10 4
-64 4
+8 12
+7 4
-11 2
+12 2
-1 8
cfi=(29)
cfn=(126)
calls=2 197 
* 26
+1 20
+50 2
-2 4
-48 22
+3 12
+5 28
cfi=(29)
cfn=(126)
calls=4 197 
* 52
* 16
cfi=(29)
cfn=(126)
calls=4 197 
* 52
+3 8
+6 12
+3 28
cfn=(170) open_verify.constprop.0
calls=4 1572 
* 224
* 4
+2 12
+2 6
+93 18
-88 6
+1 21
+6 3
+2 6
-2 6
+2 3
cfi=(65)
cfn=(210)
calls=3 28 
* 46
* 3
+3 3
-3 6
+1 2
+9 8
+2 1
-2 2
+2 4
+44 16
+6 4
-2 2
+2 4
+3 6
1822 4
+2 4

fn=(176) _dl_map_object_from_fd
944 30
+15 3
-15 6
+15 3
-15 6
+15 6
+77 12
+10 6
+7 21
cfi=(26)
cfn=(72)
calls=3 59 
* 1184
* 3
+1 6
+11 3
+5 3
-4 3
-1 3
+2 3
+2 3
-2 3
+2 6
+1 9
+1 4
+19 4
-2 2
+2 22
-2 1
+2 37
+10 3
-10 3
+10 9
+27 3
-33 3
-3 3
+2 3
-1 3
+35 3
+9 3
-50 3
+41 3
+9 3
-36 3
+63 15
-62 124
+26 84
+8 24
+1 12
-1 12
+1 48
+1 12
-1 12
+1 12
+2 12
-2 12
+2 12
+2 12
-4 12
+1 12
+3 12
-4 12
+4 60
+2 24
+13 24
+1 45
+5 9
+1 81
-28 18
-35 27
+62 3
+1 27
-28 6
-35 72
+1 185
1213 3
1100 3
1213 6
1100 9
1218 21
+10 9
+1 3
-1 3
+1 3
-1 9
+1 9
-1 9
+1 9
-1 27
1066 6
1235 6
+10 12
+7 12
fi=(59) ./elf/./dl-map-segments.h
28 3
fe=(30)
1252 9
fi=(59)
28 6
+1 24
cfi=(57)
cfn=(182)
calls=3 +18 
* 84
+73 6
-1 3
-72 3
+73 3
+3 6
+1 3
+2 3
-3 3
+1 3
+2 3
+17 3
-44 3
fi=(60) ./elf/./dl-load.h
+10 24
fi=(59)
+58 48
+6 3
+2 3
-2 3
+1 3
+2 6
-1 6
+3 6
+5 6
+3 9
+8 18
cfi=(43)
cfn=(130)
calls=3 -44 
* 301
* 3
+6 6
+12 12
-59 72
+2 36
+2 72
cfi=(57)
cfn=(182)
calls=9 -92 
* 189
* 18
fe=(30)
1264 3
fi=(56) ./elf/../sysdeps/posix/dl-fileid.h
37 6
cfi=(55)
cfn=(178)
calls=3 -7 
* 18
* 6
fe=(30)
989 6
fi=(56)
40 9
fe=(30)
989 3
fi=(56)
40 3
fe=(30)
989 39
+1 18
fi=(56)
49 24
fe=(30)
1519 27
1074 13
+1 2
-1 1
+1 1
-1 1
+1 1
cfi=(70)
cfn=(224)
calls=1 25 
* 7
* 2
+46 2
+1 1
-15 6
+7 3
+2 3
-2 3
+1 3
+1 3
-1 6
+1 24
+60 3
+5 1
-1 2
+5 1
-5 2
-66 1
+71 4
+1 1
+3 1
-3 1
+8 4
+15 6
+1 3
1008 6
1268 12
+1 9
fi=(61) ./elf/./elf/get-dynamic-info.h
39 6
+6 3
-2 3
+11 3
+1 3
-10 6
+8 6
+15 6
-23 24
+23 76
-23 304
+4 164
+3 23
-1 46
+3 68
+1 56
+1 15
+16 12
+12 11
+1 12
+1 12
+1 12
+1 11
+1 11
+1 11
+1 12
+12 3
+7 3
-7 21
+7 7
+5 4
+7 4
+1 9
+6 9
+1 6
+17 9
+5 4
+2 4
+2 4
+2 4
+4 9
+2 9
+1 6
+9 6
+6 6
+4 6
fe=(30)
1275 6
+1 6
+2 6
+10 9
+19 9
+2 18
+52 9
+1 2
+6 27
+1 60
+6 12
cfn=(88)
calls=3 868 
* 244
-7 75
+1 36
+6 36
-6 72
fi=(31)
149 12
fe=(30)
1380 6
cfi=(62)
cfn=(194)
calls=3 25 
* 18
* 6
+13 6
+2 12
+2 6
+16 6
cfi=(8)
cfn=(14)
calls=3 25 
* 81
+4 6
+1 6
+17 6
+1 1
+3 1
+5 1
-5 1
+5 1
-5 2
+5 2
-5 2
+5 2
+5 6
+12 24
+10 6
+1 4
+5 2
cfi=(46)
cfn=(226)
calls=1 125 
* 12
+7 9
cfi=(26)
cfn=(84)
calls=3 31 
* 165
+3 6
+4 6
cfi=(45)
cfn=(196)
calls=3 38 
* 21
* 3
+1 9
+22 21
+1 9
cfi=(48)
cfn=(198)
calls=3 77 
* 15
* 3
fi=(60)
92 8
+2 2
-1 2
+1 2
-1 2
+1 2
-1 2
+1 2
-1 4
+3 8
fi=(61)
-37 12
+3 12
+2 12
181 6
-22 4
fe=(30)
1510 6
1074 2
fi=(59)
186 8
cfi=(57)
cfn=(182)
calls=1 47 
* 21
+3 2
fe=(30)
1462 9
+2 2
-1 10
+1 2
-1 2
+1 2
-1 2
cfi=(32)
cfn=(94)
calls=2 98 
* 70
* 4
+2 5

fn=(106)
706 11
+14 1
-14 2
+14 2
cfi=(37)
cfn=(108)
calls=1 172 
* 1244
fi=(28)
56 1
fe=(30)
720 1
fi=(28)
56 1
cfi=(27)
cfn=(78)
calls=1 -20 
* 30
fe=(30)
725 1
+2 3
+8 2
-1 3
+5 3
fi=(28)
56 1
cfi=(27)
cfn=(78)
calls=1 -20 
* 30
fe=(30)
739 1
+2 4
+7 1
+8 1
+2 1
+12 2
-23 1
+9 1
+11 1
-4 1
-5 1
+3 2
+7 2
+2 2
-11 1
+11 3
-8 1
+4 1
+1 3
+1 16
cfi=(43)
cfn=(130)
calls=4 132 
* 56
+2 15
-14 3
+10 3
+4 9
-12 3
-2 3
+2 3
+4 3
-3 3
+3 3
+1 3
-2 3
+5 9
+1 6
+3 1
+15 1
-8 1
+5 1
-6 1
+9 2
+2 4
+2 3
+36 5
+2 2
cfi=(22)
cfn=(62)
calls=1 57 
* 17
* 9
-19 1
-2 1
+2 2
+19 9
cfi=(29)
cfn=(82)
calls=1 210 
* 11
* 1
+5 4
-1 2
+2 1
+1 2
-2 4
+1 13
+1 26
-2 52
+5 1
fi=(28)
56 1
cfi=(27)
cfn=(78)
calls=1 -20 
* 30
fe=(30)
836 1
fi=(28)
56 1
fe=(30)
838 2
+6 6
cfn=(132)
calls=1 468 
* 581
+3 3
+6 1
+4 8
-35 2
+5 2

fn=(88)
868 4
+8 4
-8 8
+8 4
-6 4
+12 8
-13 4
+13 4
-13 4
+13 8
+3 12
+1 8
+1 8
+3 12
+1 12
+4 4
+1 8
+22 4
+2 4
-2 8
+2 12
-20 14
+1 7
+3 14
+3 7
+1 28
fi=(31)
95 28
+7 14
+16 7
-3 14
254 8
+1 4
+2 16
+3 4
-8 6
+5 3
-4 3
+4 9
+3 3
-2 1
fe=(30)

fn=(204)
238 10
+3 5
-3 25
+7 5
-7 10
+3 5
cfi=(41)
cfn=(118)
calls=5 32 
* 168
+3 10
+20 45

fn=(166)
1967 72
+8 12
+1 24
+3 111
+5 126
+2 54
cfi=(52)
cfn=(168)
calls=18 68 
* 1894
* 36
+4 30
+1 45
+4 6
-1 30
+1 6
+1 6
-1 6
+1 12
cfi=(32)
cfn=(94)
calls=6 98 
* 191
* 12
2270 57
2011 9
-1 6
+9 3
-50 3
+50 6
+17 6
-2 3
+2 3
cfi=(41)
cfn=(118)
calls=3 32 
* 72
* 6
2202 2
-1 3
cfn=(136)
calls=1 385 
* 175
+6 1
-7 1
+1 1
+2 2
+4 7
cfn=(170)
calls=1 1572 
* 106
+3 2
-3 1
+3 1
+12 4
+45 1
+1 5
-1 1
+1 8
cfn=(176)
calls=1 944 
* 1940
-1 2
+1 10
-1 2
+1 16
cfn=(176)
calls=2 944 
* 4412
* 9
2040 4
cfi=(22)
cfn=(62)
calls=2 57 
* 34
* 4
+2 4
+7 8
+51 26
cfn=(208)
calls=2 1812 
* 824
+6 2
-6 2
+6 4
2222 8
+46 4
682 2
2107 2
682 4
2135 4
cfi=(67)
cfn=(214)
calls=2 403 
* 2369
* 2
+2 4
+4 4
+31 2
-23 4
+23 14
cfn=(170)
calls=2 1572 
* 246
+4 4
-4 2
+4 2
+1 2
+17 4
2074 10
682 2
2075 2
682 6
2099 4
+1 4
-47 2
+1 2
696 10
2058 6
682 2
2059 2
682 4
2073 10
+1 4
+41 2
+14 4
+2 6
-47 4

fn=(170)
1572 70
+32 7
-32 14
+32 14
+19 28
cfi=(53)
cfn=(172)
calls=7 28 
* 152
* 7
+2 14
+8 3
+1 6
+5 3
-5 3
+5 15
cfi=(54) ./io/../sysdeps/unix/sysv/linux/read_nocancel.c
cfn=(174) __read_nocancel
calls=3 25 
* 18
+2 6
+2 6
+2 6
+6 6
+17 39
+81 6
+5 6
+6 12
+6 6
+6 3
+1 3
-1 9
+1 9
+26 63
-22 13
+1 2
-1 1
+1 1
cfi=(70)
cfn=(224)
calls=1 25 
* 7
* 2
1668 6
-59 8
1777 2

fl=(53)
fn=(172)
28 16
+3 8
-3 16
+3 48
+8 56
+2 8
-2 12
+2 8

fl=(51)
fn=(162)
31 6
+2 6
+9 6
+1 12
+1 6
+4 6
+1 6
+1 6
+1 6
+1 6
+2 12
+2 6
+1 6
+1 6
+2 12
+2 6
+8 6
+3 6
+1 6
+7 6
+1 6

fl=(57)
fn=(182)
47 16
+3 32
-3 96
+6 32
+5 96
+2 64
-7 36

fl=(55)
fn=(178)
30 4
+9 16
+33 4

fl=(241) ./elf/./elf/dl-fini.c
fn=(824) _dl_fini
26 5
+17 1
-17 6
+20 13
+3 2
cob=(2)
cfi=(242) ./nptl/./nptl/pthread_mutex_lock.c
cfn=(826) pthread_mutex_lock@@GLIBC_2.2.5
calls=1 +28 
* 44
+2 1
+3 2
+2 5
+7 3
-2 1
+2 1
cfi=(48)
cfn=(564)
calls=1 -22 
* 11
+5 15
+5 1
-5 1
+5 3
+2 10
+2 10
+2 10
+1 5
+1 5
+4 5
-12 15
+14 6
+1 4
+6 6
cfi=(13)
cfn=(232)
calls=1 298 
* 398
+9 2
cob=(2)
cfi=(243) ./nptl/./nptl/pthread_mutex_unlock.c
cfn=(828) pthread_mutex_unlock@@GLIBC_2.2.5
calls=1 367 
* 34
+5 6
+2 1
+2 2
-2 4
+2 8
+2 20
cfi=(244)
cfn=(830)
calls=5 -90 
* 469
+3 10
cfi=(48)
cfn=(856)
calls=5 -20 
* 25
-9 10
+14 5
-14 15
+18 3
cfi=(48)
cfn=(564)
calls=1 -85 
* 11
* 2
+6 4
+2 1
-2 2
+6 2
+7 8
-77 2

fl=(42)
fn=(122)
59 1
+12 1
+1 1
+22 1
+1 1
+45 1
+1 1
+2 1
+1 1
+2 1
+1 1
+2 1
+1 1
+47 1
+1 1
+1 1
+1 1
+1 1
+1 1

fl=(15)
fn=(544)
71 1
-32 3
+32 2

fn=(34)
37 1
+2 3
+2 1
cfi=(16)
cfn=(36)
calls=1 682 
* 7344

fl=(163)
fn=(528) _dlfo_process_initial
474 2
+3 2
-3 6
+1 2
+3 4
+26 14
+1 6
+1 10
-1 20
+3 36
+3 32
-7 10
+27 2
-2 2
+2 6
-18 24
+3 8
-1 8
cfi=(164)
cfn=(526)
calls=4 95 
* 247
+2 16

fn=(530) _dlfo_sort_mappings
536 1
+1 2
+3 4
+4 1
+1 1
-1 1
+1 2
-1 2
+1 2
-1 2
+1 10
+1 30
+3 3
-1 3
-3 18
+8 9
+1 6
-1 3
-13 6
+14 9
+1 6
-15 6
+17 1

fn=(524)
561 2
+3 1
-3 3
+5 2
+13 1
cfn=(528)
calls=1 474 
* 97
+1 1
-1 1
+1 1
fi=(28)
56 1
cfi=(27)
cfn=(78)
calls=1 -20 
* 30
fe=(163)
580 1
fi=(28)
56 1
fe=(163)
582 2
+3 2
+5 1
+1 1
cfn=(528)
calls=1 474 
* 360
+3 3
+10 4
-37 2
cfi=(164)
cfn=(526)
calls=1 95 
* 68
* 1
+29 2
cfn=(530)
calls=1 -60 
* 128
+3 6
+2 1

fl=(54)
fn=(174)
25 3
+1 12
+1 3

fl=(1) ???
fn=(0) 0x000000000001f540
0 2
cfi=(2)
cfn=(2)
calls=1 517 
0 163158
0 8
cfi=(76)
cfn=(574)
calls=1 331 
0 4
0 10
cfi=(177)
cfn=(578)
calls=1 81 
0 486
0 3
cob=(6)
cfi=(184)
cfn=(614)
calls=1 0 
0 204407410

fl=(58)
fn=(184)
33 2
+2 7
-2 4
+7 1
-7 2
+7 1
-7 2
+7 1
-7 1
+7 1
cfi=(11)
cfn=(28)
calls=1 387 
* 24
* 3
+7 1
+2 6

ob=(2)
fl=(108)
fn=(344)
31 1
fi=(109) ./string/../sysdeps/x86_64/multiarch/ifunc-strncpy.h
+4 5
+1 3
+3 2
+4 3
+3 4
fe=(108)
-15 1

fl=(213) ./stdio-common/./stdio-common/_itoa.c
fn=(722) _itoa_word
169 1
+3 4
+2 2
+9 16
+9 2

fl=(225)
fn=(764)
52 1
+13 1
+1 1
+1 1
+3 1
+2 1
+1 1
+3 1
+1 1
+8 1
+1 1
+1 1
+5 2

fl=(228) ./stdlib/./stdlib/cmp.c
fn=(772) __mpn_cmp
31 2
+4 4
+2 2
+1 2
+1 4
+8 10

fl=(117)
fn=(362)
29 1
fi=(118) ./string/../sysdeps/x86_64/multiarch/ifunc-strcpy.h
+9 2
+1 1
-1 2
+1 2
+3 2
+4 3
+3 3
fe=(117)
-20 1

fl=(95)
fn=(312)
29 1
fi=(84) ./string/../sysdeps/x86_64/multiarch/ifunc-avx2.h
+11 3
-2 4
fe=(95)
-9 2
fi=(84)
+12 2
+1 3
+3 2
+4 3
+3 5
fe=(95)

fl=(139)
fn=(432)
31 1
fi=(114) ./string/../sysdeps/x86_64/multiarch/ifunc-strcasecmp.h
+6 2
-1 4
fe=(139)
-5 2
fi=(114)
+7 3
+3 2
+4 3
+3 4
fe=(139)

fl=(217) ./libio/./libio/filedoalloc.c
fn=(734) _IO_file_doallocate
78 11
+6 4
fi=(219) ./libio/./libio/libioP.h
1025 3
+1 2
fe=(217)
84 3
cfi=(215) ./libio/./libio/fileops.c
cfn=(736) _IO_file_stat
calls=1 1147 
* 9
* 2
+2 4
+11 4
+4 2
cob=(4)
cfi=(175)
cfn=(740)
calls=1 0 
* 179
* 1
+1 2
+2 4
cfi=(216) ./libio/./libio/genops.c
cfn=(742) _IO_setb
calls=1 329 
* 29
+1 1
+1 9
-15 1
fi=(257) ./libio/../include/sys/sysmacros.h
-44 6
fe=(217)
+44 1
-2 2
+5 2

fl=(110)
fn=(348)
31 2
fi=(111) ./wcsmbs/../sysdeps/x86_64/multiarch/ifunc-evex.h
+7 6
-1 8
+2 6
+6 4
-3 4
+9 6
+3 8
fe=(110)
-23 2

fl=(199) ./misc/../sysdeps/unix/sysv/linux/mmap64.c
fn=(674) mmap
47 1
+3 2
-3 6
+6 2
+5 6
+2 4
-7 5

fl=(208) ./stdio-common/./stdio-common/printf_buffer_to_file.c
fn=(726) __printf_buffer_to_file_done
117 2
+1 6
-1 2
-64 2
+64 12
-66 8
+2 6
+69 2
-1 2
+1 8
-1 2
cfi=(221) ./stdio-common/./stdio-common/Xprintf_buffer_done.c
cfn=(754) __printf_buffer_done
calls=2 -96 
* 38
-56 4
cfn=(706) __printf_buffer_to_file_switch
calls=2 -36 
* 26
+1 2
-8 2
+1 2
fi=(258) ./stdio-common/../libio/libioP.h
1025 2
fe=(208)
58 2
+1 2
-1 2
fi=(258)
1025 4
+1 4
fe=(208)
59 4
cfi=(215)
cfn=(728) _IO_file_xsputn@@GLIBC_2.2.5
calls=2 1198 
* 3887
* 4

fn=(704) __printf_buffer_to_file_init
108 2
+1 2
fi=(214) ./stdio-common/../include/printf_buffer.h
+18 2
fe=(208)
-18 2
fi=(214)
+28 2
-9 2
+9 2
-13 2
fe=(208)
-13 2
fi=(214)
+13 2
fe=(208)
-12 2
cfn=(706)
calls=2 -83 
* 26

fn=(706)
29 4
+1 20
+10 4
+1 4
+3 16
+1 4

fl=(249) ./posix/../sysdeps/unix/sysv/linux/_exit.c
fn=(910) _Exit
27 2
+3 2

fl=(202) ./stdlib/./stdlib/random_r.c
fn=(682) srandom_r
162 2
+8 2
+2 1
+1 2
+7 2
-4 1
+4 2
+1 2
+5 1
+1 3
-3 3
+8 8
+2 1
-1 2
+1 2
+2 3
+1 2
-10 2
+5 232
+2 29
-1 58
+1 58
+2 87
+1 58
-10 58
+13 4
+2 1
-2 1
+3 1
-3 1
+3 1
362 930
+9 310
-1 310
+2 310
+3 620
+3 310
+4 310
-3 620
+9 600
+2 300
+1 300
203 600
390 10
+1 10
203 20
+7 2
381 20

fn=(690) random_r
354 501500
+3 2006000
+5 501500
-2 501500
+2 1003000
+8 501500
+1 501500
+1 501500
+3 1003000
+3 501500
+4 501500
-7 501500
+2 1003000
+2 1003000
+8 970646
-9 485323
+12 485323
+3 485323
-2 485323
+7 485323
-8 16177
+3 16177
-2 16177
+7 16177
-10 32354

fl=(128)
fn=(398)
29 1
fi=(109)
+6 5
+1 3
+3 2
+4 3
+3 4
fe=(128)
-17 1

fl=(87)
fn=(292)
30 1
fi=(88) ./wcsmbs/../sysdeps/x86_64/multiarch/ifunc-wcslen.h
+11 2
-1 4
+2 3
+3 2
+4 3
+3 3
fe=(87)
-22 1

fl=(115)
fn=(358)
29 1
fi=(259) ./string/../sysdeps/x86_64/multiarch/ifunc-sse4_2.h
+7 5
fe=(115)
-7 1

fl=(134)
fn=(418)
29 1
fi=(135) ./string/../sysdeps/x86_64/multiarch/ifunc-evex.h
+9 3
-1 4
+2 3
+6 2
-3 2
+9 3
+3 4
fe=(134)
-25 1

fl=(98)
fn=(320)
29 1
fi=(99) ./string/../sysdeps/x86_64/multiarch/ifunc-memmove.h
+28 3
-1 2
+4 3
+14 2
+3 2
+8 2
+8 2
+3 5
fe=(98)

fl=(243)
fn=(828)
367 1
51 3
+1 2
367 3
57 2
+8 1
-3 1
-23 1
+1 4
+1 1
+29 1
+2 1
369 2
74 2
+6 4
+4 3
+3 2

fl=(185)
fn=(616)
242 13
+69 3
+1 3
cfi=(186) ./stdlib/./stdlib/cxa_atexit.c
cfn=(618) __cxa_atexit
calls=1 67 
* 72
+25 6
+6 2
-3 2
+10 2
cob=(4)
cfi=(175)
cfn=(632)
calls=1 0 
* 7
+2 2
+8 4
cfi=(187) ./csu/../sysdeps/nptl/libc_start_call_main.h
cfn=(636) (below main)
calls=1 29 
* 204407228
128 2
+6 3
+1 6
cob=(4)
cfi=(175)
cfn=(622)
calls=1 0 
* 7
* 1
+3 1
+1 2
+3 2
+1 2
-1 1
+2 7
+1 4
cob=(6)
cfi=(184)
cfn=(626)
calls=1 0 
* 12
-1 4

fl=(96)
fn=(316)
31 1
fi=(97) ./wcsmbs/../sysdeps/x86_64/multiarch/ifunc-wcs.h
+9 3
-1 4
+2 3
+3 2
+4 4
fe=(96)
-17 1

fl=(196) ./misc/./misc/sbrk.c
fn=(664) sbrk
37 16
+3 2
+3 2
-3 2
+3 2
+35 7
-20 4
+4 4
+4 4
+8 1
cfi=(197) ./misc/../sysdeps/unix/sysv/linux/brk.c
cfn=(666) brk
calls=1 -38 
* 9
* 2
+4 7
-19 2
cfi=(197)
cfn=(666)
calls=1 -23 
* 9
* 2
+4 2

fl=(126)
fn=(386)
31 1
fi=(114)
+6 2
-1 4
fe=(126)
-5 2
fi=(114)
+7 3
+3 2
+4 3
+3 4
fe=(126)

fl=(138)
fn=(428)
33 1
fi=(99)
+24 3
-1 2
+4 3
+14 2
+3 2
+8 2
+8 2
+3 5
fe=(138)

fl=(231) ./stdlib/../sysdeps/x86_64/mul_1.S
fn=(778) __mpn_mul_1
31 11
+1 11
+3 11
+1 11
+1 11
+1 11
+1 11
+2 11
+1 11
+2 11
+1 11
+1 11
+1 11
+1 10
+2 10
+1 10
+1 10
+1 10
+26 1
+1 1
+1 1
+1 1
+1 1
+1 1
+1 1
+1 1
+1 1
+26 1
+1 1
+1 1
+2 1
+1 1
+1 1
+1 1
+1 1
+1 1
+2 1
+3 1
-5 10
+2 10
+3 10

fl=(221)
fn=(754)
25 2
+1 6
+5 4
+2 24
+7 2

fl=(113)
fn=(354)
31 1
fi=(114)
+6 2
-1 4
fe=(113)
-5 2
fi=(114)
+7 3
+3 2
+4 3
+3 4
fe=(113)

fl=(129)
fn=(402)
29 1
fi=(130) ./wcsmbs/../sysdeps/x86_64/multiarch/ifunc-memcmp.h
+5 5
+1 2
+1 2
+1 3
+3 2
+4 3
+3 4
fe=(129)
-18 2

fl=(137)
fn=(424)
31 1
fi=(97)
+9 3
-1 4
+2 3
+3 2
+4 4
fi=(260) ./wcsmbs/../sysdeps/x86_64/multiarch/wcpncpy.c
-17 1
fe=(137)

fl=(216)
fn=(732) _IO_doallocbuf
343 1
+1 2
-1 7
+3 3
+1 1
fi=(219)
1025 3
+1 2
fe=(216)
347 2
cfi=(217)
cfn=(734)
calls=1 78 
* 281
* 2
+3 6

fn=(906) _IO_default_setbuf
452 8
fi=(219)
1025 1
fe=(216)
452 1
+1 1
-1 1
fi=(219)
1025 2
+1 2
fe=(216)
453 2
cfi=(215)
cfn=(908) _IO_file_sync@@GLIBC_2.2.5
calls=1 793 
* 21
* 2
+4 1
330 1
462 1
-7 2
332 1
466 1
337 1
-4 1
+4 1
467 1
-1 3
+2 6
-11 1
+1 2
-1 1
330 4

fn=(894) _IO_cleanup
842 6
-66 1
+66 6
+1 1
cfn=(896) _IO_flush_all
calls=1 686 
* 183
-67 2
+67 1
-67 3
cfi=(248) ./nptl/./nptl/libc-cleanup.c
cfn=(898) __libc_cleanup_push_defer
calls=1 24 
* 13
+1 6
fi=(219)
1025 1
fe=(216)
785 1
-1 1
+1 4
-1 2
+1 25
+9 6
+2 4
+4 1
-2 1
+3 1
-3 1
+2 2
+5 1
fi=(219)
1025 2
+1 2
fe=(216)
805 4
cfi=(215)
cfn=(904) _IO_file_setbuf@@GLIBC_2.2.5
calls=1 382 
* 87
+2 3
+9 1
-2 1
+2 2
-2 1
+2 2
+1 3
-37 9
+41 7
+1 2
cfi=(248)
cfn=(900) __libc_cleanup_pop_restore
calls=1 54 
* 9
+33 12
-78 2
+39 24
-2 1
+2 1
-31 6
+7 7
-15 1
+3 2
-3 1
+3 2

fn=(746) _IO_default_xsputn
371 11
+3 4
fi=(219)
1025 1
fe=(216)
373 2
+26 161
fi=(219)
1025 106
+1 106
fe=(216)
399 212
cfi=(215)
cfn=(730) _IO_file_overflow@@GLIBC_2.2.5
calls=53 732 
* 2179
* 106
+2 53
-2 53
-20 216
-4 1
+29 8

fn=(742)
329 11
+1 4
+5 2
-3 1
+3 2
-2 1
+2 2
+3 6

fn=(896)
686 5
+5 1
-5 1
+5 1
-5 6
+5 4
cfi=(248)
cfn=(898)
calls=1 24 
* 13
+1 6
-5 1
fi=(219)
1025 2
fe=(216)
708 33
+1 3
-14 9
+2 3
+1 27
+2 21
+13 7
+1 2
cfi=(248)
cfn=(900)
calls=1 54 
* 9
+4 12
-20 9
-6 2
-5 2
+8 1
-3 1
+3 2

fl=(245)
fn=(840)
30 6
+3 6
-3 24
+3 15
+3 12
+4 21
-4 9
+57 12
+4 18
-4 9
+12 6
cfi=(246) ./posix/./posix/register-atfork.c
cfn=(842) __unregister_atfork
calls=3 -23 
* 60
+1 12
+1 24

fl=(218) ./io/../sysdeps/unix/sysv/linux/fstat64.c
fn=(738) fstat
30 1
+9 4
+33 1

fl=(232) ./stdlib/../sysdeps/x86_64/rshift.S
fn=(780) __mpn_rshift
28 2
+1 2
+1 2
+1 2
+13 2
+1 2
+16 2
+1 2
+1 2
+1 2
+1 2
+1 2
+1 2
+5 2
+1 2
+1 2
+1 2
+1 2

fl=(91)
fn=(300)
29 1
fi=(88)
+12 2
-1 4
+2 3
+3 2
+4 3
+3 3
fe=(91)
-23 1

fl=(187)
fn=(636)
29 4
+15 1
-15 5
+15 1
cfi=(188) ./setjmp/../sysdeps/x86_64/bsd-_setjmp.S
cfn=(638) _setjmp
calls=1 -16 
* 38
* 1
+2 2
+5 2
+1 2
+3 2
+3 6
cob=(6)
cfi=(191)
cfn=(644)
calls=1 -49 
* 204405357
+16 2
cfi=(239) ./stdlib/./stdlib/exit.c
cfn=(818) exit
calls=1 +63 
* 1805

fl=(131)
fn=(406)
29 1
fi=(93) ./debug/../sysdeps/x86_64/multiarch/ifunc-memmove.h
+28 3
-1 2
+4 3
+14 2
+3 2
+8 2
+8 2
+3 5
fe=(131)

fl=(220) ./io/../sysdeps/unix/sysv/linux/write.c
fn=(752) write
25 2
+1 12
+1 2

fl=(195) ./malloc/./malloc/morecore.c
fn=(662) __glibc_morecore
25 2
+1 4
-1 4
+4 2
cfi=(196)
cfn=(664)
calls=2 +8 
* 77
+1 4
+4 4

fl=(248)
fn=(898)
24 2
+1 2
+2 4
+2 4
+3 4
+14 6
+2 2
+1 2

fn=(900)
54 2
+1 2
+2 4
+2 2
+1 6
+11 2

fl=(81)
fn=(280)
86 1
fi=(82) ./string/../sysdeps/x86/cacheinfo.h
-27 1
+3 3
+2 1
+1 1
-1 2
+7 3
+2 1
+1 1
-1 2
+5 2
+2 2
+1 2
+1 2
+2 2
+2 2
fe=(81)

fl=(119)
fn=(366)
31 1
fi=(114)
+6 2
-1 4
fe=(119)
-5 2
fi=(114)
+7 3
+3 2
+4 3
+3 4
fe=(119)

fl=(112)
fn=(352)
67 1
-23 2
-1 4
+24 2
-22 3
+3 2
+4 3
+3 4

fl=(197)
fn=(666)
36 2
fi=(261) ./misc/../sysdeps/unix/sysv/linux/brk_call.h
-12 4
fe=(197)
+13 4
+1 4
+6 2
+1 2

fl=(121)
fn=(374)
29 1
fi=(122) ./string/../sysdeps/x86_64/multiarch/ifunc-memcmp.h
+5 5
+1 2
+1 2
+1 3
+3 2
+4 3
+3 4
fe=(121)
-18 2

fl=(174) ./nptl/./nptl/pthread_mutex_conf.c
fn=(556) __pthread_tunables_init
55 2
+1 2
-1 2
+1 2
-1 4
+1 1
cob=(4)
cfi=(175)
cfn=(558)
calls=1 -56 
* 26
+2 4
cob=(4)
cfi=(175)
cfn=(558)
calls=1 -58 
* 25
+2 4
cob=(4)
cfi=(175)
cfn=(558)
calls=1 -60 
* 26
+2 6

fl=(242)
fn=(826)
77 1
+3 3
+2 1
+2 2
-7 4
+11 2
+91 1
+3 1
+2 1
+3 1
-63 1
+66 3
-93 2
+11 4
+4 1
+3 2
-71 1
+1 7
+1 1
+84 3
+1 2

fl=(85)
fn=(288)
29 1
fi=(259)
+7 5
fe=(85)
-7 1

fl=(207) ./stdio-common/./stdio-common/vfprintf-internal.c
fn=(708) __printf_buffer
600 24
fi=(222) ./stdio-common/./stdio-common/printf-parse.h
82 2
fe=(207)
600 4
fi=(222)
82 2
fe=(207)
600 2
+27 6
+11 2
-11 2
+11 2
-11 2
+11 4
fi=(222)
82 2
cob=(4)
cfi=(175)
cfn=(710)
calls=2 -82 
* 60
fe=(207)
653 4
+1 2
fi=(222)
82 4
fe=(207)
654 2
-1 2
cfi=(210) ./stdio-common/./stdio-common/Xprintf_buffer_write.c
cfn=(714) __printf_buffer_write
calls=2 27 
* 104
+2 6
+4 4
+4 16
-32 2
973 2
642 2
973 4
634 2
+71 8
1044 22
705 4
-13 2
+7 2
+6 4
-14 2
-4 2
+18 2
-10 2
+10 2
-7 2
-4 2
+11 4
-19 2
-1 2
+20 2
-12 2
-9 2
-1 2
+22 2
-15 4
891 2
+82 2
+3 34
+20 11
+1 1
263 1
+1 1
997 1
744 1
264 2
744 1
263 2
1024 2
fi=(222)
82 2
fe=(207)
1018 2
fi=(222)
82 4
cob=(4)
cfi=(175)
cfn=(710)
calls=2 -82 
* 42
fe=(207)
1028 4
+1 2
fi=(222)
82 2
fe=(207)
1029 2
-1 2
cfi=(210)
cfn=(714)
calls=2 27 
* 109
+3 4
709 1
814 1
-1 1
+1 2
+26 3
+15 13
fi=(212) ./stdio-common/./stdio-common/vfprintf-process-arg.c
136 2
+19 13
cfi=(213)
cfn=(722)
calls=1 +14 
* 25
+11 2
-11 2
+11 4
-5 8
+25 5
+15 2
-4 3
+2 3
+2 2
+7 1
-2 2
+2 3
+3 2
+13 2
fi=(214)
-61 2
fi=(212)
+70 2
+3 2
136 1
+2 2
-71 1
-18 1
-1 2
201 3
58 2
-23 1
+22 2
161 1
+9 2
+17 1
+8 1
-8 1
+12 1
-12 1
+8 4
-8 6
+53 4
cfi=(210)
cfn=(714)
calls=1 27 
* 56
* 1
fe=(207)
+26 1
cfi=(223) ./stdio-common/./stdio-common/printf_fp.c
cfn=(758) __printf_fp_l_buffer
calls=1 1099 
* 2145
1001 1
fi=(214)
163 2
fi=(212)
50 2
+2 2
+1 8
fi=(222)
+2 1
+10 2
-10 5
fe=(207)

fn=(702) __vfprintf_internal
1522 26
+3 11
+4 10
+11 4
+27 22
-42 2
+18 8
cfi=(208)
cfn=(704)
calls=2 108 
* 48
+1 10
cfn=(708)
calls=2 600 
* 2955
+1 4
cfi=(208)
cfn=(726)
calls=2 117 
* 4037
* 2

fl=(171) ./ctype/./ctype/ctype-info.c
fn=(550) __ctype_init
29 1
+2 7
+2 4
+2 4
+1 1

fl=(192)
fn=(816) unlink_chunk.isra.0
1608 1
+2 3
-2 1
+2 2
+3 1
+1 2
+2 4
-3 1
+6 1
+1 1
+1 5
+24 2

fn=(672) sysmalloc_mmap.isra.0
2400 5
+13 3
-13 1
+18 2
+3 9
cfi=(199)
cfn=(674)
calls=1 47 
* 26
* 1
+3 2
+4 2
2008 4
2432 4
cfi=(200) ./misc/../sysdeps/unix/sysv/linux/setvmaname.c
cfn=(676) __set_vma_name
calls=1 33 
* 59
+16 3
+19 1
-1 1
+5 1
-4 2
+4 2
+1 5
+3 3
+1 5
+5 7

fn=(810) _int_free
4495 14
+4 6
+6 8
+1 4
+4 10
+8 8
-1 4
+1 4
1792 2
4561 4
+76 4
+3 4
+18 2
-12 2
+12 8
-12 2
cfn=(812) _int_free_merge_chunk
calls=2 +19 
* 221

fn=(668) alloc_perturb
1985 15
+2 5

fn=(802)
3359 3
+4 6
-4 9
+14 3
-14 9
+12 3
+4 3
-4 3
+4 6
+17 6
fi=(193) ./malloc/./malloc/arena.c
153 6
fe=(192)
3398 6
cfn=(810)
calls=2 4495 
* 307
+3 2
+1 12
-23 3
+2 4
+2 1
+1 1
-1 1
+1 1
+1 1
+3 2
cfn=(804) munmap_chunk
calls=1 3024 
* 36
+13 1
+1 6

fn=(812)
4665 10
+1 2
-1 6
+5 12
+3 4
+5 6
+3 4
+1 4
+1 4
1992 6
4689 4
+2 1
+2 1
-1 1
+2 4
+2 2
cfn=(816)
calls=1 1608 
* 24
+18 4
+6 4
+4 2
+9 2
-1 2
+1 6
+1 4
+2 2
+2 4
+5 2
+1 2
+2 6
+1 2
-45 2
-1 4
+1 12
-1 2
cfn=(814) _int_free_maybe_consolidate
calls=2 +69 
* 48
+39 6
-65 6
-2 4

fn=(814)
4770 22
+6 4
+22 22

fn=(648)
3294 32
+7 8
1326 6
+19 20
3311 8
+2 16
+3 6
+10 8
+28 24
3248 4
cfn=(658) tcache_init.part.0
calls=1 -6 
* 473
+68 2
+2 3
+10 16
cfn=(660) _int_malloc
calls=4 3846 
* 692
+1 20
fi=(193)
153 6
264 1
cfn=(652) ptmalloc_init.part.0
calls=1 -2 
* 1151
fe=(192)
1326 2

fn=(660)
3846 55
1326 10
+19 30
3887 10
1794 5
3914 10
+63 10
+62 52
+1 12
+20 5
-1 5
-1 5
+1 10
+1 10
-2 8
+12 25
-90 1
+2 1
-2 1
+2 2
4487 60
4257 15
+2 12
+3 4
-3 4
+3 8
+1 5
+71 15
-4 5
+1 5
+1 5
-1 5
+1 5
+1 10
+1 15
+5 20
+4 15
+3 8
-3 6
+3 4
-3 3
4443 5
+1 10
+2 10
+3 15
+17 8
4070 1
-91 6
2552 2
+12 2
-12 10
+12 2
+1 3
+3 4
+8 5
cfn=(672)
calls=1 2400 
* 148
* 1
+1 2
4482 2
-22 15
cfn=(668)
calls=5 1985 
* 20
+1 5
-9 6
+2 6
-1 3
+1 3
-3 3
+3 3
+2 3
-2 12
+2 3
+3 6
2553 1
+36 3
+1 1
-1 1
+1 1
+9 4
+9 3
2921 3
+1 1
+4 1
+4 5
+5 1
-2 1
+5 1
-3 2
-3 1
+2 1
+1 1
+1 1
-1 3
+1 1
4482 1
2669 3
+8 2
+1 3
+13 1
+2 1
-2 2
+8 5
+8 2
+48 4
+40 3
+19 2
+3 2
+1 6
+2 1
+1 5
cfi=(195)
cfn=(662)
calls=1 25 
* 33
+12 4
-12 1
+12 1
2008 4
3882 1
2873 1
+3 1
-1 1
+1 4
+12 1
-11 1
+11 2
2783 1
-1 2
2017 2
2745 1
+1 1
+6 3
-6 1
+6 3
-43 3
cfi=(195)
cfn=(662)
calls=1 25 
* 64
+1 2
-1 1
+1 1
2008 1
2711 1
2008 3
2712 1
+3 2
+29 3

fn=(804)
3024 1
+2 1
-1 1
+1 2
+2 1
-3 1
-1 1
+4 1
+3 2
+7 1
-8 1
+9 1
-8 1
+1 1
+6 3
+1 4
+3 1
+1 3
+6 1
-1 2
cfi=(238) ./misc/../sysdeps/unix/syscall-template.S
cfn=(806) munmap
calls=1 117 
* 6

fn=(658)
3242 4
+9 8
+1 3
cfn=(660)
calls=1 3846 
* 359
+1 2
+8 4
+9 1
fi=(198) ./malloc/../string/bits/string_fortified.h
59 2
fe=(192)
3270 1
fi=(198)
59 86
fe=(192)
3274 3

fl=(223)
fn=(786) hack_digit
88 16
+3 4
-3 4
+3 8
+2 4
+2 8
-2 8
+8 8
+21 12
cfi=(231)
cfn=(778)
calls=4 -91 
* 84
+1 8
+1 10
+4 20
-23 24
cfi=(235) ./stdlib/./stdlib/divrem.c
cfn=(788) __mpn_divrem
calls=4 -59 
* 168
+2 4
-2 4
+2 12
+3 4
-2 4
+2 4
+1 24
+11 4
-4 8

fn=(766) __printf_fp_buffer_1.isra.0
138 18
+21 1
+18 1
+10 1
-28 7
+62 2
1030 11
226 3
+4 7
+36 1
+5 1
-49 1
+44 4
+1 1
+1 2
+3 13
+1 1
-1 1
+1 3
-1 1
+1 2
-1 1
+1 8
+1 1
-1 2
+1 13
+6 1
-6 2
+7 2
+17 1
+4 4
-4 2
+16 2
+11 1
-41 1
+10 1
+31 1
-30 7
+33 3
+41 1
+1 1
-1 1
+1 3
fi=(229) ./stdio-common/../string/bits/string_fortified.h
29 1
cob=(4)
cfi=(175)
cfn=(716)
calls=1 -29 
* 13
fe=(223)
385 7
+18 1
-9 1
+2 2
-2 11
+2 22
-74 24
-4 12
+4 49
-4 1
+4 4
+15 2
-13 4
+53 1
-2 6
cfi=(230) ./stdlib/./stdlib/mul.c
cfn=(776) __mpn_mul
calls=1 48 
* 77
+5 2
+1 2
fi=(229)
29 2
fe=(223)
388 2
fi=(229)
29 1
cob=(4)
cfi=(175)
cfn=(716)
calls=1 -29 
* 13
fe=(223)
389 3
+1 3
+1 1
+3 1
-4 1
-1 1
+1 1
+1 3
+5 2
+1 2
+6 2
+4 1
+4 1
-4 1
+4 3
-4 10
+6 2
665 1
+9 1
-9 1
+9 1
+6 1
-15 1
+9 2
+6 1
-6 2
+2 2
+10 2
+52 2
+8 2
fi=(234) ./stdio-common/../sysdeps/pthread/allocalim.h
27 1
fe=(223)
746 1
fi=(234)
27 1
cfi=(233) ./nptl/./nptl/alloca_cutoff.c
cfn=(782) __libc_alloca_cutoff
calls=1 * 
* 11
+2 2
fe=(223)
759 14
fi=(234)
29 1
fe=(223)
759 3
+4 1
-3 2
+3 2
+3 3
+7 6
+2 2
-4 1
+4 1
+14 2
-2 1
+1 5
+1 1
+1 2
-1 6
+1 14
91 6
792 6
+2 6
91 12
+2 6
+2 12
-2 12
+8 12
+4 36
cfi=(235)
cfn=(788)
calls=6 -59 
* 272
+2 6
+4 6
-6 6
+2 18
+1 6
+2 12
+1 24
+7 6
+4 18
cfi=(231)
cfn=(778)
calls=6 -91 
* 126
+1 12
+1 25
793 5
+1 10
-1 1
+1 2
+1 12
230 6
cfi=(226) ./stdlib/../sysdeps/ieee754/dbl-64/dbl2mpn.c
cfn=(768) __mpn_extract_double
calls=1 33 
* 22
* 4
+4 1
382 3
796 3
+9 5
+1 3
cfn=(786)
calls=1 88 
* 121
+2 2
-2 1
+2 5
fi=(236) ./stdio-common/../sysdeps/generic/get-rounding-mode.h
94 1
+1 7
fi=(237) ./stdio-common/../include/rounding-mode.h
-37 2
fe=(223)
935 2
+45 5
+3 2
+8 2
-4 1
+4 1
+5 2
-9 4
+9 4
fi=(214)
163 3
fe=(223)
999 4
+2 3
+5 2
fi=(214)
163 3
fe=(223)
1009 3
+13 4
cfi=(210)
cfn=(714)
calls=1 27 
* 53
+2 3
+4 3
385 6
cfi=(228)
cfn=(772)
calls=2 31 
* 24
* 4
+3 2
fi=(237)
52 4
fe=(223)
835 1
-5 2
+5 4
+5 3
+2 2
+2 2
+80 3
-69 2
+80 1
-11 3
766 3
-78 2
+1 2
+3 3
+2 1
+2 2
+42 2
994 4
+2 2
308 1
-2 1
+2 1
-3 1
+3 4
-3 2
cfi=(227) ./stdlib/../sysdeps/x86_64/lshift.S
cfn=(770) __mpn_lshift
calls=1 28 
* 16
+4 2
-4 1
+4 7
+1 2
+1 7
766 3
+3 2
cfn=(786)
calls=1 88 
* 116
* 4
cfn=(786)
calls=2 88 
* 217
* 3
-3 10
1003 2
439 2
+3 8
+16 3
+2 1
-2 1
cfi=(232)
cfn=(780)
calls=1 28 
* 18
+3 2
-1 1
+1 1
-1 1
+1 3
cfi=(232)
cfn=(780)
calls=1 28 
* 18
+2 6
+14 2
694 8
834 2

fn=(758)
1099 12
+3 1
-3 7
+3 2
+13 2
+2 1
-2 1
cob=(4)
cfi=(175)
cfn=(762)
calls=1 0 
* 16
* 2
+1 5
+31 11
-30 2
fi=(224) ./stdio-common/../include/../locale/localeinfo.h
331 2
fe=(223)
1111 1
fi=(224)
331 1
fe=(223)
1112 2
+10 7
cfn=(766)
calls=1 138 
* 2069
+4 1

fl=(181)
fn=(598)
53 1
+1 1
+1 1
+2 1
+1 1
+4 1
+1 1
+1 1
+3 1
+2 1
+1 1
+1 1
+1 1
+3 1
+1 1
+2 1
+1 1
+1 1
+1 1
+1 1
+9 2

fl=(226)
fn=(768)
33 1
+2 1
-2 2
+4 3
+1 5
+9 2
+9 1
-9 1
+9 2
+47 1
+4 1
-4 1
+4 1

fl=(89)
fn=(296)
29 1
fi=(90) ./string/../sysdeps/x86_64/multiarch/ifunc-memset.h
+25 5
+3 3
+7 2
+9 2
+2 2
+10 2
+8 2
+3 5
fe=(89)

fl=(188)
fn=(638)
28 1
+2 1
+2 1
cfi=(189) ./setjmp/../sysdeps/x86_64/setjmp.S
cfn=(640) __sigsetjmp
calls=1 -1 
* 35

fl=(103)
fn=(330)
65 1
-22 2
+1 1
-2 4
+2 2
+3 2
+4 3
+3 3
+11 1

fl=(238)
fn=(806)
117 5
+5 1

fl=(104)
fn=(332)
29 1
fi=(105) ./debug/../sysdeps/x86_64/multiarch/ifunc-memset.h
+25 5
+3 3
+7 2
+9 2
+2 2
+10 2
+8 2
+3 5
fe=(104)

fl=(132)
fn=(410)
33 1
fi=(118)
+5 2
+1 1
-1 2
+1 2
+3 2
+4 3
+3 3
fe=(132)
-16 1

fl=(123)
fn=(378)
31 2
fi=(124) ./wcsmbs/../sysdeps/x86_64/multiarch/ifunc-wmemset.h
+5 10
+1 6
fe=(123)
-6 2

fl=(215)
fn=(904)
382 6
+1 1
cfi=(216)
cfn=(906)
calls=1 +69 
* 69
* 2
+3 1
+4 2
-2 3
+3 3

fn=(908)
793 7
+5 4
+2 1
+1 2
+11 2
+4 5

fn=(730)
732 440
+1 220
+7 273
+37 54
-2 108
+3 106
+3 159
+1 159
+1 212
+4 53
+1 318
-45 2
+12 2
+9 3
+5 3
+2 2
-5 1
+5 1
+1 1
-5 1
+1 1
+4 2
-7 1
+10 2
+13 2
-12 2
+1 2
+11 8
-12 2
cfn=(744) _IO_do_write@@GLIBC_2.2.5
calls=2 424 
* 110
+9 2
-1 1
+1 1
-1 1
cfn=(744)
calls=1 424 
* 105
* 2
-12 2
+1 2
-28 2
cfi=(216)
cfn=(732)
calls=1 343 
* 310
+1 1
+9 1
-9 5

fn=(750) _IO_file_write@@GLIBC_2.2.5
1174 16
+2 8
-1 4
+6 2
cfi=(220)
cfn=(752)
calls=2 25 
* 16
+1 4
+5 2
+1 2
-12 4
+4 6
+1 4
+10 6
+3 12
-4 6

fn=(728)
1198 14
+7 2
-7 4
+6 8
+9 4
-2 8
+17 3
+6 1
+2 2
+2 1
-4 1
+2 1
+2 1
-1 1
-1 1
cob=(4)
cfi=(175)
cfn=(796)
calls=1 0 
* 16
+2 1
-2 1
+4 2
+28 18
-55 1
+4 1
-4 1
+1 2
-14 1
+44 1
fi=(219)
1025 3
+1 2
fe=(215)
1244 1
fi=(219)
1025 3
+1 2
fe=(215)
1244 6
cfn=(730)
calls=2 732 
* 506
* 4
+6 4
+1 10
+2 6
+11 4
+1 4
cfi=(216)
cfn=(746)
calls=1 371 
* 3219
+2 3
-48 3
-2 2
446 2
1221 1
+11 3
444 2

fn=(736)
1147 1
+1 2
cfi=(218)
cfn=(738)
calls=1 30 
* 6

fn=(744)
424 3
+2 9
+1 1
-3 6
fi=(219)
1025 2
fe=(215)
424 16
+20 2
-10 4
+7 8
fi=(219)
1025 4
+1 4
fe=(215)
449 8
cfn=(750)
calls=2 1174 
* 92
* 2
+1 6
+2 2
+4 4
-3 4
-1 4
+4 4
-30 4
+28 2
-28 4
+1 16
+28 4

fl=(120)
fn=(370)
31 1
fi=(84)
+9 3
-2 4
fe=(120)
-7 2
fi=(84)
+10 2
+1 3
+3 2
+4 3
+3 5
fe=(120)

fl=(83)
fn=(284)
31 2
fi=(84)
+9 6
-2 8
fe=(83)
-7 4
fi=(84)
+10 4
+1 6
+3 4
+4 6
+3 10
fe=(83)

fl=(209)
fn=(712)
53 4
+2 4
+1 4
+1 4
+1 4
+1 4
+3 4
+1 4
+4 4
+1 4
+1 4
+1 4
+1 4
+1 4
+1 4
+1 2
+13 2
+2 4
+12 2
+1 2
+6 2
+1 4
+48 2
+4 2
+1 2
+1 2
+1 2
+1 2
+1 2
+1 2

fl=(235)
fn=(788)
46 140
+3 20
234 90
62 10
+1 10
-16 10
+18 20
+7 51
+1 7
-1 14
+1 14
-1 14
+4 20
+3 10
+2 10

fl=(186)
fn=(618)
67 7
-26 2
+2 8
+1 2
cfn=(620) __new_exitfn
calls=1 +36 
* 33
+2 2
+8 1
-2 1
+3 1
+1 1
-4 2
+1 1
+4 4
+1 1
+11 6

fn=(620)
80 1
+6 2
-6 4
+11 2
-10 1
+10 4
+2 4
-2 1
+10 1
-10 3
+45 1
+5 3
-4 1
+4 2
-18 1
-1 1
+12 1

fl=(176) ./nptl/../sysdeps/unix/sysv/linux/x86/elision-conf.c
fn=(560) __lll_elision_init
92 2
+4 1
-4 2
+4 2
-4 1
+4 1
-4 3
+4 1
cob=(4)
cfi=(175)
cfn=(558)
calls=1 -96 
* 26
+2 4
cob=(4)
cfi=(175)
cfn=(558)
calls=1 -98 
* 26
+2 4
cob=(4)
cfi=(175)
cfn=(558)
calls=1 0 
* 26
+2 4
cob=(4)
cfi=(175)
cfn=(558)
calls=1 0 
* 26
+2 4
cob=(4)
cfi=(175)
cfn=(558)
calls=1 0 
* 26
+3 3
+1 1
+1 6

fl=(210)
fn=(714)
27 6
+1 18
-1 42
+4 24
+2 12
+3 6
fi=(229)
-7 6
fe=(210)
+8 12
fi=(229)
-8 6
fe=(210)
+12 6
fi=(229)
-12 6
cob=(4)
cfi=(175)
cfn=(716)
calls=6 -29 
* 94
fe=(210)
+11 18
-9 12
+2 18
+11 36

fl=(106)
fn=(336)
28 1
fi=(84)
+12 3
-2 4
fe=(106)
-10 2
fi=(84)
+13 2
+1 3
+3 2
+4 3
+3 5
fe=(106)

fl=(133)
fn=(414)
29 1
fi=(99)
+28 3
-1 2
+4 3
+14 2
+3 2
+8 2
+8 2
+3 5
fe=(133)

fl=(172) ./resource/../sysdeps/unix/sysv/linux/getrlimit64.c
fn=(552) getrlimit
38 2
+1 7
+1 1

fl=(233)
fn=(782)
27 1
+1 9
+7 1

fl=(170)
fn=(548)
33 9
+2 1
cfi=(171)
cfn=(550)
calls=1 -6 
* 17
+3 1
fi=(173) ./elf/../sysdeps/nptl/pthread_early_init.h
-5 2
fe=(170)
+8 1
-3 1
+3 1
fi=(173)
-8 1
cfi=(172)
cfn=(552)
calls=1 +5 
* 10
* 3
+1 1
+4 5
+7 1
fi=(262) ./elf/../nptl/nptl-stack.h
+16 3
fi=(173)
-16 1
fi=(262)
+16 2
fi=(173)
-7 1
fi=(262)
+7 3
fi=(173)
-9 1
-6 1
+2 2
+4 4
+1 1
+3 1
cfi=(174)
cfn=(556)
calls=1 -1 
* 104
fe=(170)
-9 3
+2 2
-2 1
cfi=(176)
cfn=(560)
calls=1 +45 
* 169

fl=(179)
fn=(592)
46 6
+5 2
+4 5
+8 1
-2 1
+10 1
-9 1
+1 1
+9 3
-1 1
cfi=(180) ./misc/./misc/init-misc.c
cfn=(594) __init_misc
calls=1 -41 
* 50

fl=(182)
fn=(600)
545 1
+1 4
+1 3
+1 3
+2 1

fl=(92)
fn=(304)
29 1
fi=(93)
+28 3
-1 2
+4 3
+14 2
+3 2
+8 2
+8 2
+3 5
fe=(92)

fl=(230)
fn=(776)
48 17
+6 2
+12 2
+76 11
-71 1
+1 2
+69 1
-60 2
cfi=(231)
cfn=(778)
calls=1 -50 
* 33
* 2
+2 1
+1 1
+4 2

fl=(193)
fn=(652)
262 1
fi=(194) ./malloc/../sysdeps/unix/sysv/linux/not-cancel.h
97 3
fe=(193)
262 7
+5 1
fi=(194)
97 3
fi=(192)
3143 2
fe=(193)
292 2
+4 3
fi=(192)
1946 4
+3 1
-3 1
+3 2
-3 2
+3 126
-3 126
+3 252
-3 252
+11 1
fe=(193)
300 3
fi=(192)
1958 1
+2 1
fe=(193)
300 1
cob=(4)
cfi=(175)
cfn=(558)
calls=1 0 
* 25
+1 4
cob=(4)
cfi=(175)
cfn=(558)
calls=1 0 
* 26
+1 4
cob=(4)
cfi=(175)
cfn=(558)
calls=1 0 
* 25
+1 4
cob=(4)
cfi=(175)
cfn=(558)
calls=1 0 
* 25
+1 4
cob=(4)
cfi=(175)
cfn=(558)
calls=1 0 
* 26
+1 4
cob=(4)
cfi=(175)
cfn=(558)
calls=1 0 
* 25
+1 4
cob=(4)
cfi=(175)
cfn=(558)
calls=1 0 
* 25
+2 4
cob=(4)
cfi=(175)
cfn=(558)
calls=1 0 
* 25
+1 4
cob=(4)
cfi=(175)
cfn=(558)
calls=1 0 
* 25
+1 4
cob=(4)
cfi=(175)
cfn=(558)
calls=1 0 
* 25
+3 4
cob=(4)
cfi=(175)
cfn=(558)
calls=1 0 
* 25
+1 4
cob=(4)
cfi=(175)
cfn=(558)
calls=1 0 
* 25
+2 2
+10 8

fl=(201)
fn=(680)
209 2
+1 2
-1 4
+1 2
+1 3
cfi=(202)
cfn=(682)
calls=1 -49 
* 6212
+1 4
+1 3

fn=(688) random
288 1003000
+3 501500
-3 2507500
+3 1003000
+2 1504500
cfi=(202)
cfn=(690)
calls=501500 +61 
* 14025823
+2 2006000
+2 501500
+1 2507500

fl=(239)
fn=(818)
137 2
+1 3
-1 1
+1 1
cfn=(820) __run_exit_handlers
calls=1 38 
* 1798

fn=(820)
38 12
+2 2
+3 5
+11 2
+2 2
+38 2
-30 6
+2 1
+1 1
-1 1
+3 7
+44 3
+13 1
-66 1
+66 3
+2 2
+3 2
cfi=(249)
cfn=(910)
calls=1 27 
* 4
-29 1
+1 1
-2 1
+3 1
+3 1
-3 2
+3 3
+1 3
cob=(1)
cfi=(241)
cfn=(824)
calls=1 -82 
* 1235
+1 4
+10 3
+1 2
-79 1
cfi=(240) ./stdlib/./stdlib/cxa_thread_atexit_impl.c
cfn=(822) __call_tls_dtors
calls=1 148 
* 13
* 1
+88 1
cfi=(216)
cfn=(894)
calls=1 842 
* 467
* 1

fl=(180)
fn=(594)
30 1
+1 2
-1 4
+1 4
+2 3
cob=(4)
cfi=(175)
cfn=(596)
calls=1 -33 
* 24
+4 5
+1 3
+2 4

fl=(107)
fn=(340)
30 1
fi=(101) ./wcsmbs/../sysdeps/x86_64/multiarch/ifunc-avx2.h
+10 3
-2 4
fe=(107)
-8 2
fi=(101)
+11 2
+1 3
+3 2
+4 3
+3 5
fe=(107)

fl=(125)
fn=(382)
29 1
fi=(118)
+9 2
+1 1
-1 2
+1 2
+3 2
+4 3
+3 3
fe=(125)
-20 1

fl=(190) ./setjmp/./setjmp/sigjmp.c
fn=(642) __sigjmp_save
28 6
+2 2
-1 1
+5 4

fl=(86)
fn=(290)
79 1
-31 2
+1 1
-2 4
+2 2
+3 2
+4 3
+3 3
+20 1

fl=(203)
fn=(686)
26 1504500
+1 501500
cfi=(201)
cfn=(688)
calls=501500 288 
* 25560323
+1 1003000

fl=(240)
fn=(822)
148 4
+1 1
-1 1
+1 3
+16 4

fl=(116)
fn=(360)
60 1
-17 2
-1 4
+2 3
+2 2
+4 3
+10 1

fl=(136)
fn=(422)
29 1
fi=(259)
+7 5
fe=(136)
-7 1

fl=(189)
fn=(640)
31 1
+2 1
+9 1
+1 2
+1 1
+4 1
+1 1
+1 1
+1 1
+1 1
+2 2
+2 1
+1 1
+1 1
+2 2
+2 1
+5 1
+1 1
+17 1
cfi=(190)
cfn=(642)
calls=1 -57 
* 13

fl=(200)
fn=(676)
33 7
+2 5
+14 12
-9 4
cob=(4)
cfi=(175)
cfn=(558)
calls=1 -40 
* 26
* 3
+7 1
+1 1

fl=(206)
fn=(700)
28 33
+4 1
+1 2
-1 1
+1 1
-1 2
+1 1
-1 2
+1 3
cfi=(207)
cfn=(702)
calls=1 1522 
* 2880
-5 3
+4 1
+1 2
-1 1
+1 1
-1 2
+1 1
-1 2
+1 3
cfi=(207)
cfn=(702)
calls=1 1522 
* 4259
+4 10

fl=(94)
fn=(308)
29 1
fi=(93)
+28 3
-1 2
+4 3
+14 2
+3 2
+8 2
+8 2
+3 5
fe=(94)

fl=(246)
fn=(842)
82 6
+1 6
-1 12
+1 6
fi=(247) ./posix/../malloc/dynarray-skeleton.c
243 3
fe=(246)
71 6
+38 12
+1 9

fl=(100)
fn=(390)
31 1
fi=(97)
+9 3
-1 4
+2 3
+3 2
+4 4
fe=(100)
-17 1

fn=(324)
31 2
fi=(101)
+9 6
-2 8
fi=(102) ./wcsmbs/../sysdeps/x86_64/multiarch/wcschr.c
-7 4
fi=(101)
+10 4
+1 6
+3 4
+4 6
+3 10
fe=(100)

fl=(227)
fn=(770)
28 1
+1 1
+1 1
+2 1
+1 1
+1 1
+12 1
+1 1
+1 1
+1 1
+1 1
+1 1
+1 1
+6 1
+1 1
+1 1

fl=(127)
fn=(394)
29 1
fi=(84)
+11 3
-2 4
fe=(127)
-9 2
fi=(84)
+12 2
+1 3
+3 2
+4 3
+3 5
fe=(127)

fl=(211)
fn=(718)
255 8
+1 8
+6 8
+1 8
+2 2
+1 2
+1 2
+3 2
+1 2
+1 2
+3 4
+30 6
+1 6
+2 4
+1 4
+2 2
+4 2
+1 2
+1 2
+1 2
+1 2
+4 2
+2 2
+17 2
+1 2
+1 2
+1 2
+2 2
+17 2
+1 2
+1 2
+1 2
+1 2

fn=(798)
242 1
+1 1
+1 1
+1 1
+17 1
+1 1
+2 1
+1 1
+1 1
+3 1
+1 1
+1 1
+3 2

totals: 204571081
